$coord
   -0.00001309067017      2.36388508070419      2.66793276904417  c
    0.00001636703505      4.62747378692988      1.34788158412806  c
    0.00001965082193      4.62747577910705     -1.34788380546152  c
   -0.00001294380705      2.36388381796891     -2.66793115028615  c
   -0.00003969140444     -0.00000000004901     -1.35669839236490  c
   -0.00003821822808      0.00000000002489      1.35670119285461  c
   -0.00001346381671     -2.36388508064305      2.66793276899765  c
   -0.00001593278226     -2.36388381802633     -2.66793115027609  c
    0.00001876628999     -4.62747577914033     -1.34788380550121  c
    0.00001753513897     -4.62747378688649      1.34788158406883  c
   -0.00002477924011      2.35855459803513      4.73957412093513  h
    0.00003631575543      6.42508367510004      2.37384931422063  h
    0.00004982121267      6.42508457492068     -2.37385141483357  h
   -0.00002776186388      2.35855118445643     -4.73957281786533  h
   -0.00002805048248     -2.35855459801656      4.73957412086373  h
   -0.00003589018551     -2.35855118453733     -4.73957281780902  h
    0.00005018809532     -6.42508457493562     -2.37385141487671  h
    0.00004117813132     -6.42508367501247      2.37384931416169  h
$user-defined bonds
$redundant
     number_of_atoms            18
     degrees_of_freedom         48
     internal_coordinates       48
     frozen_coordinates          0
# definitions of redundant internals
   1 k  1.0000000000000 stre   1   11           val=   2.07165
   2 k -0.7071067811865 bend   2   11    1      val=  -0.76368
        0.7071067811865 bend   6   11    1
   3 k  1.0000000000000 outp  11    6    2    1 val=  -0.00020
   4 k  1.0000000000000 stre   2   12           val=   2.06979
   5 k -0.7071067811865 bend   1   12    2      val=  -0.16022
        0.7071067811865 bend   3   12    2
   6 k  1.0000000000000 outp  12    3    1    2 val=   0.00003
   7 k  1.0000000000000 stre   3   13           val=   2.06978
   8 k -0.7071067811865 bend   4   13    3      val=  -0.16022
        0.7071067811865 bend   2   13    3
   9 k  1.0000000000000 outp  13    2    4    3 val=   0.00005
  10 k  1.0000000000000 stre   4   14           val=   2.07165
  11 k -0.7071067811865 bend   3   14    4      val=  -0.76366
        0.7071067811865 bend   5   14    4
  12 k  1.0000000000000 outp  14    5    3    4 val=   0.00025
  13 k  1.0000000000000 stre   7   15           val=   2.07165
  14 k  0.7071067811865 bend  10   15    7      val=   0.76368
       -0.7071067811865 bend   6   15    7
  15 k  1.0000000000000 outp  15    6   10    7 val=   0.00024
  16 k  1.0000000000000 stre   8   16           val=   2.07165
  17 k -0.7071067811865 bend   9   16    8      val=  -0.76366
        0.7071067811865 bend   5   16    8
  18 k  1.0000000000000 outp  16    5    9    8 val=  -0.00028
  19 k  1.0000000000000 stre   9   17           val=   2.06978
  20 k -0.7071067811865 bend   8   17    9      val=  -0.16022
        0.7071067811865 bend  10   17    9
  21 k  1.0000000000000 outp  17   10    8    9 val=  -0.00008
  22 k  1.0000000000000 stre  10   18           val=   2.06979
  23 k  0.7071067811865 bend   7   18   10      val=   0.16022
       -0.7071067811865 bend   9   18   10
  24 k  1.0000000000000 outp  18    9    7   10 val=  -0.00000
  25 k  1.0000000000000 stre   5    4           val=   2.70320
  26 k  1.0000000000000 stre   4    3           val=   2.62038
  27 k  1.0000000000000 stre   3    2           val=   2.69577
  28 k  1.0000000000000 stre   2    1           val=   2.62038
  29 k  1.0000000000000 stre   1    6           val=   2.70320
  30 k -0.2886751345948 bend   6    4    5      val=  -0.27524
       -0.2886751345948 bend   5    3    4
        0.5773502691896 bend   4    2    3
       -0.2886751345948 bend   3    1    2
       -0.2886751345948 bend   2    6    1
        0.5773502691896 bend   1    5    6
  31 k  0.5000000000000 bend   6    4    5      val=  -0.55036
       -0.5000000000000 bend   5    3    4
        0.5000000000000 bend   3    1    2
       -0.5000000000000 bend   2    6    1
  32 k -0.4082482904639 bend   6    4    5      val=   0.00004
        0.4082482904639 bend   5    3    4
       -0.4082482904639 bend   4    2    3
        0.4082482904639 bend   3    1    2
       -0.4082482904639 bend   2    6    1
        0.4082482904639 bend   1    5    6
  33 k -0.2886751345948 tors   5    4    3    2 val=   0.00007
       -0.2886751345948 tors   4    3    2    1
        0.5773502691896 tors   3    2    1    6
       -0.2886751345948 tors   2    1    6    5
       -0.2886751345948 tors   1    6    5    4
        0.5773502691896 tors   6    5    4    3
  34 k  0.5000000000000 tors   5    4    3    2 val=  -0.00017
       -0.5000000000000 tors   4    3    2    1
        0.5000000000000 tors   2    1    6    5
       -0.5000000000000 tors   1    6    5    4
  35 k -0.4082482904639 tors   5    4    3    2 val=   0.00004
        0.4082482904639 tors   4    3    2    1
       -0.4082482904639 tors   3    2    1    6
        0.4082482904639 tors   2    1    6    5
       -0.4082482904639 tors   1    6    5    4
        0.4082482904639 tors   6    5    4    3
  36 k  1.0000000000000 stre   5    8           val=   2.70320
  37 k  1.0000000000000 stre   8    9           val=   2.62038
  38 k  1.0000000000000 stre   9   10           val=   2.69577
  39 k  1.0000000000000 stre  10    7           val=   2.62038
  40 k  1.0000000000000 stre   7    6           val=   2.70320
  41 k -0.2886751345948 bend   6    8    5      val=  -0.27524
       -0.2886751345948 bend   5    9    8
        0.5773502691896 bend   8   10    9
       -0.2886751345948 bend   9    7   10
       -0.2886751345948 bend  10    6    7
        0.5773502691896 bend   7    5    6
  42 k  0.5000000000000 bend   6    8    5      val=  -0.55036
       -0.5000000000000 bend   5    9    8
        0.5000000000000 bend   9    7   10
       -0.5000000000000 bend  10    6    7
  43 k -0.4082482904639 bend   6    8    5      val=   0.00004
        0.4082482904639 bend   5    9    8
       -0.4082482904639 bend   8   10    9
        0.4082482904639 bend   9    7   10
       -0.4082482904639 bend  10    6    7
        0.4082482904639 bend   7    5    6
  44 k -0.2886751345948 tors   5    8    9   10 val=  -0.00016
       -0.2886751345948 tors   8    9   10    7
        0.5773502691896 tors   9   10    7    6
       -0.2886751345948 tors  10    7    6    5
       -0.2886751345948 tors   7    6    5    8
        0.5773502691896 tors   6    5    8    9
  45 k  0.5000000000000 tors   5    8    9   10 val=   0.00017
       -0.5000000000000 tors   8    9   10    7
        0.5000000000000 tors  10    7    6    5
       -0.5000000000000 tors   7    6    5    8
  46 k -0.4082482904639 tors   5    8    9   10 val=  -0.00006
        0.4082482904639 tors   8    9   10    7
       -0.4082482904639 tors   9   10    7    6
        0.4082482904639 tors  10    7    6    5
       -0.4082482904639 tors   7    6    5    8
        0.4082482904639 tors   6    5    8    9
  47 k  0.7071067811865 tors   1    6    5    7 val= 179.99878
        0.7071067811865 tors   4    6    5    8
  48 k  1.0000000000000 stre   5    6           val=   2.71340
        48 non zero eigenvalues  of BmBt
           1          11.605482685    1    0
         1
           2           8.783189881    2    0
         2
           3           5.963643921    3    0
         3
           4           4.723413086    4    0
         4
           5           4.566610505    5    0
         5
           6           4.317230821    6    0
         6
           7           4.212853276    7    0
         7
           8           4.013771000    8    0
         8
           9           3.966544587    9    0
         9
          10           3.754763941   10    0
        10
          11           3.309226636   11    0
        11
          12           3.266722422   12    0
        12
          13           3.215476207   13    0
        13
          14           3.068948594   14    0
        14
          15           3.023195637   15    0
        15
          16           2.666290673   16    0
        16
          17           2.157702581   17    0
        17
          18           2.104001575   18    0
        18
          19           1.902303635   19    0
        19
          20           1.748103034   20    0
        20
          21           1.700355673   21    0
        21
          22           1.699703665   22    0
        22
          23           1.691127202   23    0
        23
          24           1.375100811   24    0
        24
          25           1.032695712   25    0
        25
          26           0.920537326   26    0
        26
          27           0.917765803   27    0
        27
          28           0.808741700   28    0
        28
          29           0.641742767   29    0
        29
          30           0.463047408   30    0
        30
          31           0.410104735   31    0
        31
          32           0.384462952   32    0
        32
          33           0.382296560   33    0
        33
          34           0.334795507   34    0
        34
          35           0.328621761   35    0
        35
          36           0.318178410   36    0
        36
          37           0.314554445   37    0
        37
          38           0.297359734   38    0
        38
          39           0.280748726   39    0
        39
          40           0.246700249   40    0
        40
          41           0.194042657   41    0
        41
          42           0.143325128   42    0
        42
          43           0.129009874   43    0
        43
          44           0.121184479   44    0
        44
          45           0.109160737   45    0
        45
          46           0.067325559   46    0
        46
          47           0.048074584   47    0
        47
          48           0.038550167   48    0
        48
$end
