$grad          cartesian gradients
  cycle =      1 MP2 energy =     -384.6580041573 |dE/dxyz| =  0.072812
    0.00000000000000      2.34333598403705      2.66929484333720      c
    0.00000000000000      4.62826053355055      1.34452124067169      c
    0.00000000000000      4.62826053355055     -1.34452124067169      c
    0.00000000000000      2.34333598403705     -2.66929484333720      c
    0.00000000000000      0.00000000000000     -1.40004139422400      c
    0.00000000000000      0.00000000000000      1.40004139422400      c
    0.00000000000000     -2.34333598403705      2.66929484333720      c
    0.00000000000000     -2.34333598403705     -2.66929484333720      c
    0.00000000000000     -4.62826053355055     -1.34452124067169      c
    0.00000000000000     -4.62826053355055      1.34452124067169      c
    0.00000000000000      2.35017679260953      4.72287912062898      h
    0.00000000000000      6.40594479659327      2.36470878651073      h
    0.00000000000000      6.40594479659327     -2.36470878651073      h
    0.00000000000000      2.35017679260953     -4.72287912062898      h
    0.00000000000000     -2.35017679260953      4.72287912062898      h
    0.00000000000000     -2.35017679260953     -4.72287912062898      h
    0.00000000000000     -6.40594479659327     -2.36470878651073      h
    0.00000000000000     -6.40594479659327      2.36470878651073      h
  -.26497682453118D-13  -.16787106834548D-01  0.20639099058624D-02
  -.68712289401421D-13  0.13243672583455D-01  0.16346604516624D-02
  0.40193617207328D-13  0.13243672583689D-01  -.16346604516091D-02
  0.00000000000000D+00  -.16787106834381D-01  -.20639099062567D-02
  0.16277375097559D-12  0.67321974411188D-11  -.38773631306108D-01
  -.61674392085147D-13  -.77961825363515D-11  0.38773631306173D-01
  -.35380365127395D-13  0.16787106834642D-01  0.20639099058357D-02
  -.14090116878115D-12  0.16787106834982D-01  -.20639099057682D-02
  0.23106308433871D-13  -.13243672583359D-01  -.16346604516260D-02
  0.18953601753030D-12  -.13243672583288D-01  0.16346604515718D-02
  0.14833939069151D-13  -.48216465706086D-03  -.72592782960896D-02
  -.32315610407643D-13  -.63758038854784D-02  -.39976242864044D-02
  0.00000000000000D+00  -.63758038854953D-02  0.39976242864088D-02
  -.26286422481563D-13  -.48216465705042D-03  0.72592782960861D-02
  -.31320622847228D-13  0.48216465706119D-03  -.72592782960426D-02
  0.00000000000000D+00  0.48216465706308D-03  0.72592782961269D-02
  0.00000000000000D+00  0.63758038855131D-02  0.39976242864133D-02
  -.17643394688858D-13  0.63758038855379D-02  -.39976242864088D-02
  cycle =      2 MP2 energy =     -384.6605538628 |dE/dxyz| =  0.028447
    0.00000000000406      2.35577423496787      2.66564561965782      c
    0.00000000000287      4.62932558934074      1.34458726927166      c
   -0.00000000000640      4.62932463095107     -1.34452196714767      c
   -0.00000000000433      2.35583817366548     -2.66569199962532      c
   -0.00000000000020     -0.00000000000788     -1.37352116753021      c
    0.00000000000222      0.00000000000914      1.37335822362987      c
   -0.00000000000123     -2.35577423495707      2.66564561965228      c
    0.00000000000640     -2.35583817367610     -2.66569199963074      c
   -0.00000000000111     -4.62932463095806     -1.34452196715453      c
   -0.00000000000949     -4.62932558933462      1.34458726926498      c
    0.00000000000206      2.36078040529420      4.73581399987468      h
    0.00000000001118      6.42142908469586      2.37387853558715      h
   -0.00000000001799      6.42145303989718     -2.37376985510916      h
   -0.00000000000200      2.36094640578174     -4.73586013053523      h
    0.00000000000870     -2.36078040528857      4.73581399986851      h
    0.00000000001915     -2.36094640578713     -4.73586013054126      h
    0.00000000000267     -6.42145303990515     -2.37376985511480      h
   -0.00000000001655     -6.42142908468869      2.37387853558196      h
  -.93350330555041D-11  -.72616349505665D-02  -.16228670522143D-02
  -.20648834757899D-11  0.40565313261816D-02  -.17798730446108D-02
  0.10112494872628D-10  0.40460369650646D-02  0.17841293348866D-02
  0.32466829898951D-11  -.72543494583979D-02  0.16253042675132D-02
  -.62700333182667D-11  -.14137302027739D-10  -.15854853393852D-01
  0.11793633158220D-11  0.15063698715050D-10  0.15838583777039D-01
  -.19578510261046D-10  0.72616349505490D-02  -.16228670516405D-02
  -.58198211363774D-11  0.72543494566990D-02  0.16253042683356D-02
  -.10006586321991D-10  -.40460369655140D-02  0.17841293340259D-02
  0.28630171693943D-10  -.40565313269472D-02  -.17798730456930D-02
  0.64409797760838D-12  0.10650441765936D-03  -.77182780009721D-03
  0.28166821504789D-11  -.94307103399505D-03  -.58650669550531D-03
  -.35124609969438D-11  -.94350167871404D-03  0.58777569963731D-03
  -.13346652653808D-11  0.10529045118590D-03  0.77200009999689D-03
  0.41188168788041D-11  -.10650441752613D-03  -.77182780040097D-03
  0.48465351834282D-11  -.10529045137675D-03  0.77200009971179D-03
  0.46692142883779D-11  0.94350167873181D-03  0.58777569924917D-03
  -.23420083642025D-11  0.94307103389024D-03  -.58650669593030D-03
  cycle =      3 MP2 energy =     -384.6609701934 |dE/dxyz| =  0.004406
    0.00000000281235      2.36204503097073      2.66616214316306      c
   -0.00000000212394      4.62722291742362      1.34678614415885      c
   -0.00000000242670      4.62719425829489     -1.34675725375661      c
    0.00000000195747      2.36205171317528     -2.66617670136654      c
    0.00000000575461      0.00000000001670     -1.35614530406583      c
    0.00000000594975     -0.00000000001751      1.35610676565557      c
    0.00000000228977     -2.36204503099311      2.66616214317363      c
    0.00000000250754     -2.36205171315203     -2.66617670135955      c
   -0.00000000182303     -4.62719425827981     -1.34675725374123      c
   -0.00000000248882     -4.62722291743638      1.34678614417495      c
    0.00000000389746      2.36248848293716      4.73970964510063      h
   -0.00000000687317      6.42359101320531      2.37774042659549      h
   -0.00000000536736      6.42356124147808     -2.37772035665036      h
    0.00000000296166      2.36253667984111     -4.73972477808876      h
    0.00000000211365     -2.36248848295333      4.73970964511274      h
    0.00000000243007     -2.36253667982711     -4.73972477808024      h
   -0.00000000561017     -6.42356124146253     -2.37772035663534      h
   -0.00000000596115     -6.42359101322106      2.37774042660952      h
  -.28151572402489D-08  -.13252501856837D-02  -.95934183500290D-03
  0.70612228249317D-08  -.59308102015265D-04  -.11486142063748D-02
  0.79291910686783D-08  -.73734443793327D-04  0.11522760783405D-02
  -.15606333597251D-08  -.13221105536649D-02  0.95788640827799D-03
  -.12566889674777D-07  0.32160773881258D-10  0.23214724728948D-03
  -.13148062297915D-07  -.33561306569263D-10  -.23472849867634D-03
  -.18175127296862D-08  0.13252501838614D-02  -.95934183760171D-03
  -.16600846892050D-08  0.13221105561931D-02  0.95788640605043D-03
  0.57339170131221D-08  0.73734442116447D-04  0.11522760817111D-02
  0.90754439367012D-08  0.59308104646050D-04  -.11486142033550D-02
  -.23165703889688D-09  0.31490269792744D-03  0.66424737413051D-03
  0.12332818163968D-08  0.33761318258740D-03  0.41540925689088D-03
  0.85116752036026D-09  0.33762673091609D-03  -.41571524675499D-03
  -.21416952139328D-09  0.31493015408912D-03  -.66485720622467D-03
  0.99564957385245D-10  -.31490269854428D-03  0.66424737472737D-03
  0.42600950807130D-10  -.31493015364958D-03  -.66485720552212D-03
  0.10306264788546D-08  -.33762673110260D-03  -.41571524588768D-03
  0.95714999884199D-09  -.33761318281922D-03  0.41540925799177D-03
  cycle =      4 MP2 energy =     -384.6609826337 |dE/dxyz| =  0.001099
    0.00000333163886      2.36392663300572      2.66769139062875      c
   -0.00000325308009      4.62787974763426      1.34753993808995      c
   -0.00000340403443      4.62787478380505     -1.34752978776088      c
    0.00000315297062      2.36393242065145     -2.66769675142671      c
    0.00000828380325     -0.00000000002860     -1.35697842359388      c
    0.00000825837449      0.00000000002980      1.35696456952439      c
    0.00000309326520     -2.36392663296728      2.66769139061428      c
    0.00000327889497     -2.36393242068870     -2.66769675144358      c
   -0.00000323886671     -4.62787478382633     -1.34752978778713      c
   -0.00000339430382     -4.62787974761302      1.34753993806465      c
    0.00000486109575      2.36281807556734      4.73962398462651      h
   -0.00000849651166      6.42416720063875      2.37633663502553      h
   -0.00000881529541      6.42416352823486     -2.37633023332668      h
    0.00000450345289      2.36284547690375     -4.73962824873951      h
    0.00000433225932     -2.36281807554290      4.73962398461021      h
    0.00000465544448     -2.36284547692887     -4.73962824875868      h
   -0.00000839347275     -6.42416352826068     -2.37633023334937      h
   -0.00000875563498     -6.42416720061458      2.37633663500212      h
  -.12210935906469D-06  -.31440721492726D-03  -.45238214291032D-04
  -.27269764941673D-07  0.81766715871012D-04  -.33106991932286D-03
  -.18507442666627D-07  0.78136255750039D-04  0.33254648125203D-03
  -.12308435338097D-06  -.31322196459516D-03  0.44007737717067D-04
  0.20535913586006D-06  -.36432184526147D-10  -.24301908715607D-04
  0.20180139756050D-06  0.35874462959735D-10  0.24563023367286D-04
  -.12318161861240D-06  0.31440721981246D-03  -.45238211844989D-04
  -.12250576195595D-06  0.31322196007411D-03  0.44007740603647D-04
  -.29754127180349D-07  -.78136251863370D-04  0.33254647634040D-03
  -.18816712717196D-07  -.81766721079291D-04  -.33106992429754D-03
  0.43911686136657D-07  0.21834351120398D-03  0.84533596427683D-04
  0.21991196773617D-08  -.11069143303288D-04  0.17154434420830D-03
  0.93489801817439D-09  -.10488927468799D-04  -.17221037150517D-03
  0.42450178646582D-07  0.21878920841217D-03  -.84244207420703D-04
  0.40741343651578D-07  -.21834351044153D-03  0.84533595499536D-04
  0.40194790620914D-07  -.21878920937274D-03  -.84244208551354D-04
  0.54630123776389D-08  0.10488927454588D-04  -.17221037304171D-03
  0.21735770606373D-08  0.11069143211806D-04  0.17154434271438D-03
  cycle =      5 MP2 energy =     -384.6609847475 |dE/dxyz| =  0.000547
   -0.00001799211679      2.36408304003110      2.66802800905201      c
    0.00002090875467      4.62773570896751      1.34784022011928      c
    0.00002071292572      4.62773704748897     -1.34783949783116      c
   -0.00001848599040      2.36408379854745     -2.66802782664131      c
   -0.00005110704036      0.00000000001446     -1.35683290657518      c
   -0.00005076111434     -0.00000000001565      1.35683379617063      c
   -0.00001801332688     -2.36408304005547      2.66802800906567      c
   -0.00001780668935     -2.36408379851793     -2.66802782663292      c
    0.00002100876358     -4.62773704747528     -1.34783949781095      c
    0.00002056320775     -4.62773570898593      1.34784022014016      c
   -0.00002870974143      2.36109137231298      4.73953456564345      h
    0.00005155773474      6.42440170974473      2.37532088502205      h
    0.00005146291490      6.42440222360711     -2.37532299871546      h
   -0.00002942906543      2.36109929391668     -4.73953380151083      h
   -0.00002818676174     -2.36109137232607      4.73953456566152      h
   -0.00002771346496     -2.36109929387831     -4.73953380150577      h
    0.00005147767111     -6.42440222359900     -2.37532299869262      h
    0.00005051333918     -6.42440170977734      2.37532088504142      h
  0.92631139439769D-06  -.66934297830779D-04  0.15862628217711D-03
  0.26046208593215D-06  0.96436153809165D-04  -.33005864872315D-04
  0.26289694257580D-06  0.97078173235232D-04  0.33241649134208D-04
  0.91656337535344D-06  -.67260918936718D-04  -.15915660193500D-03
  -.17603373463896D-05  0.49225652091860D-10  0.78088379441787D-04
  -.17300641717093D-05  -.46250810364738D-10  -.77211615888473D-04
  0.91985041210216D-06  0.66934292425991D-04  0.15862628187691D-03
  0.92051939672383D-06  0.67260921619017D-04  -.15915660539356D-03
  0.28387338879489D-06  -.97078177137888D-04  0.33241652640292D-04
  0.26056785924400D-06  -.96436151016732D-04  -.33005860637036D-04
  -.34700803965052D-06  0.12137397299961D-03  -.67816619178984D-04
  0.26551072700157D-07  -.88975600472274D-04  0.65867869007974D-04
  0.32641697393033D-07  -.88841942082141D-04  -.66211973584807D-04
  -.34602948057021D-06  0.12180077819196D-03  0.68016874308796D-04
  -.32978882440529D-06  -.12137397365725D-03  -.67816618159355D-04
  -.32913864757392D-06  -.12180077729351D-03  0.68016874686272D-04
  0.17834706216401D-07  0.88841941716211D-04  -.66211972681973D-04
  0.14294184092699D-07  0.88975600044172D-04  0.65867869921021D-04
  cycle =      6 MP2 energy =     -384.6609853762 |dE/dxyz| =  0.000176
    0.00040916242688      2.36389416578297      2.66794343237226      c
   -0.00045122549798      4.62748052634730      1.34789440997780      c
   -0.00045500683437      4.62748258444633     -1.34789699582247      c
    0.00041476851511      2.36389244638061     -2.66794146127875      c
    0.00111314188701     -0.00000000051882     -1.35664980994276      c
    0.00110422963258     -0.00000000020946      1.35665385609757      c
    0.00040630986681     -2.36389416525580      2.66794343263467      c
    0.00040923369390     -2.36389244562654     -2.66794146144963      c
   -0.00045560673112     -4.62748258526073     -1.34789699558472      c
   -0.00044983677671     -4.62748052748770      1.34789441020870      c
    0.00063400367036      2.35874864985731      4.73955750123598      h
   -0.00113762108905      6.42498565581966      2.37401589945449      h
   -0.00115572394603      6.42498621590194     -2.37401898734030      h
    0.00064456891387      2.35874482421094     -4.73955582226331      h
    0.00062233159859     -2.35874864621508      4.73955750242029      h
    0.00062755707423     -2.35874481968992     -4.73955582367365      h
   -0.00115147035212     -6.42498621876508     -2.37401898682615      h
   -0.00112881605198     -6.42498565971792      2.37401589977997      h
  -.19418009371931D-04  0.41095261640312D-05  0.38800701734232D-04
  -.46555680781658D-05  0.25075603858227D-04  0.24757647016482D-04
  -.49742941829580D-05  0.26717452746183D-04  -.25149963597926D-04
  -.19320504732244D-04  0.32637544116199D-05  -.38436477574066D-04
  0.35515891092006D-04  -.66538258648545D-09  0.63829974243923D-04
  0.34956542090032D-04  0.80649339582930D-09  -.63831809489656D-04
  -.19378440135182D-04  -.41096788305772D-05  0.38800739528000D-04
  -.19311604714816D-04  -.32639573519511D-05  -.38436534902431D-04
  -.51054790674338D-05  -.26717317826552D-04  -.25150036119470D-04
  -.47884239970852D-05  -.25075546654207D-04  0.24757703556144D-04
  0.72486990802128D-05  0.60336975493125D-05  -.31142289124375D-04
  -.50852353267314D-06  -.29063775586202D-04  0.40854378386967D-05
  -.84352579440145D-06  -.29330607628886D-04  -.39869278380955D-05
  0.73947424708156D-05  0.61398545703750D-05  0.31072831106371D-04
  0.70403026247829D-05  -.60336302116215D-05  -.31142232769454D-04
  0.71665245164237D-05  -.61397978403099D-05  0.31072742764593D-04
  -.68450497163973D-06  0.29330557503648D-04  -.39869449448560D-05
  -.33382338785067D-06  0.29063722040590D-04  0.40854401182067D-05
  cycle =      7 MP2 energy =     -384.6609853819 |dE/dxyz| =  0.000087
   -0.00001309067017      2.36388508070419      2.66793276904417      c
    0.00001636703505      4.62747378692988      1.34788158412806      c
    0.00001965082193      4.62747577910705     -1.34788380546152      c
   -0.00001294380705      2.36388381796891     -2.66793115028615      c
   -0.00003969140444     -0.00000000004901     -1.35669839236490      c
   -0.00003821822808      0.00000000002489      1.35670119285461      c
   -0.00001346381671     -2.36388508064305      2.66793276899765      c
   -0.00001593278226     -2.36388381802633     -2.66793115027609      c
    0.00001876628999     -4.62747577914033     -1.34788380550121      c
    0.00001753513897     -4.62747378688649      1.34788158406883      c
   -0.00002477924011      2.35855459803513      4.73957412093513      h
    0.00003631575543      6.42508367510004      2.37384931422063      h
    0.00004982121267      6.42508457492068     -2.37385141483357      h
   -0.00002776186388      2.35855118445643     -4.73957281786533      h
   -0.00002805048248     -2.35855459801656      4.73957412086373      h
   -0.00003589018551     -2.35855118453733     -4.73957281780902      h
    0.00005018809532     -6.42508457493562     -2.37385141487671      h
    0.00004117813132     -6.42508367501247      2.37384931416169      h
  0.29197470446757D-06  0.47842237531626D-05  0.14638040784831D-04
  0.37229480074297D-06  0.19972982617134D-04  0.17722198799142D-04
  0.43206469086403D-06  0.21453851521969D-04  -.18102154773381D-04
  0.30884938878158D-06  0.40555518379115D-05  -.14210544797777D-04
  -.17189922149327D-05  -.14306047784124D-08  0.60542417736897D-05
  -.18333657307776D-05  0.13895101556990D-08  -.62415617181344D-05
  0.31964934503289D-06  -.47841886412492D-05  0.14638024477875D-04
  0.30279898875588D-06  -.40555432534450D-05  -.14210533970882D-04
  0.37048102477090D-06  -.21453865977961D-04  -.18102158972688D-04
  0.32018099835604D-06  -.19972972582494D-04  0.17722217426464D-04
  -.32552266872177D-06  -.57502373357887D-05  -.22183731143599D-04
  0.49011875160937D-06  -.18898652490051D-04  -.22283846692339D-05
  0.74944068099300D-06  -.19144675153626D-04  0.23512804716574D-05
  -.48125403517093D-06  -.56964184659281D-05  0.22106954049583D-04
  -.40408906453510D-06  0.57502365389261D-05  -.22183733486614D-04
  -.56848548483817D-06  0.56964195545572D-05  0.22106953486478D-04
  0.80880284005409D-06  0.19144677349203D-04  0.23512773985601D-05
  0.56505298856226D-06  0.18898650617771D-04  -.22283847287419D-05
$end
