$hessapprox internal
  0.437733307551D+00  0.891143383540D-03  0.329875848083D+00  0.322829599427D-03
 -0.139084429373D-02  0.482272844854D-01  0.133331956087D-03 -0.910072696660D-04
  0.190193843939D-03  0.441476029250D+00  0.942846261231D-03 -0.308634784005D-01
 -0.996325536547D-03 -0.108652739724D-03  0.341113179923D+00  0.230390470309D-04
 -0.984459824752D-04  0.104497983066D-04  0.135908793238D-04 -0.703768236592D-04
  0.486295251853D-01  0.128670114349D-03 -0.115978090936D-03  0.185325853437D-03
  0.113747605988D-03 -0.134765273804D-03  0.132427561585D-04  0.441467945074D+00
  0.942747120745D-03 -0.309292803270D-01 -0.998561577756D-03 -0.111378191342D-03
 -0.253239671235D-01 -0.705348309148D-04 -0.137548639447D-03  0.341005384836D+00
 -0.380151265562D-04  0.165580922460D-03 -0.169816989162D-04 -0.223182853898D-04
  0.118735871527D-03 -0.122091830220D-05 -0.217413347627D-04  0.119001921380D-03
  0.486307579320D-01 -0.230520479681D-03  0.904690859404D-03  0.325133900044D-03
  0.131194813491D-03  0.957135061995D-03  0.232036865525D-04  0.126485057003D-03
  0.957069748974D-03 -0.382883502332D-04  0.437726823514D+00  0.895476265278D-03
 -0.375900793067D-01 -0.139469922267D-02 -0.921609531119D-04 -0.309546476918D-01
 -0.987184280239D-04 -0.117228123502D-03 -0.310206441876D-01  0.166039754720D-03
  0.909083575594D-03  0.329654486136D+00 -0.329363328937D-03  0.142106854476D-02
 -0.148137028676D-03 -0.193964131333D-03  0.101817341815D-02 -0.106495569327D-04
 -0.188994825928D-03  0.102045808182D-02  0.173060643098D-04 -0.331715783513D-03
  0.142500741459D-02  0.482328911179D-01 -0.227271484958D-03  0.891144585921D-03
  0.322829443278D-03  0.133331752685D-03  0.942847114818D-03  0.230390358171D-04
  0.128669915348D-03  0.942747976316D-03 -0.380151083222D-04 -0.230520811204D-03
  0.895477471035D-03 -0.329363169804D-03  0.437733306892D+00 -0.891144724621D-03
  0.374795721691D-01  0.139084370146D-02  0.910064812029D-04  0.308634825864D-01
  0.984459398916D-04  0.115977322626D-03  0.309292845224D-01 -0.165580853274D-03
 -0.904692210091D-03  0.375900851493D-01 -0.142106794118D-02 -0.891145927002D-03
  0.329875836430D+00 -0.313579517449D-03  0.135288761126D-02 -0.141046532052D-03
 -0.184672229476D-03  0.969313369939D-03 -0.101398158774D-04 -0.179941140827D-03
  0.971488413460D-03  0.164777215915D-04 -0.315819189075D-03  0.135663748362D-02
  0.143740872552D-03 -0.313579365933D-03 -0.135288703657D-02  0.482187851094D-01
 -0.230519557598D-03  0.904686917688D-03  0.325134307026D-03  0.131195359326D-03
  0.957132225490D-03  0.232037158104D-04  0.126485589335D-03  0.957066906082D-03
 -0.382883977632D-04 -0.233754263102D-03  0.909079622857D-03 -0.331716198256D-03
 -0.230519889131D-03 -0.904688268366D-03 -0.315819583967D-03  0.437726825371D+00
  0.895475688802D-03 -0.375900769939D-01 -0.139469948671D-02 -0.921612997697D-04
 -0.309546460425D-01 -0.987184469976D-04 -0.117228461866D-03 -0.310206425345D-01
  0.166039785564D-03  0.909082995225D-03 -0.377009259696D-01  0.142500768368D-02
  0.895476894659D-03  0.375900828364D-01  0.135663773983D-02  0.909079042487D-03
  0.329654490774D+00  0.319226464219D-03 -0.137896101275D-02  0.143449446410D-03
  0.187933959451D-03 -0.988163805371D-03  0.103126703697D-04  0.183115568183D-03
 -0.990380821299D-03 -0.167583965535D-04  0.321507633070D-03 -0.138278333281D-02
 -0.146189581405D-03  0.319226310120D-03  0.137896042828D-02 -0.139192308809D-03
  0.321508034679D-03 -0.138278359339D-02  0.482234877484D-01  0.128670232576D-03
 -0.115978476385D-03  0.185325912181D-03  0.113747680885D-03 -0.134765544744D-03
  0.132427603745D-04  0.109766000942D-03 -0.137548911040D-03 -0.217413416210D-04
  0.126485175950D-03 -0.117228510060D-03 -0.188994885795D-03  0.128670033575D-03
  0.115977708085D-03 -0.179941197828D-03  0.126485708273D-03 -0.117228848435D-03
  0.183115626157D-03  0.441467945221D+00  0.942749515245D-03 -0.309292903814D-01
 -0.998560509534D-03 -0.111376766960D-03 -0.253239743438D-01 -0.705347541309D-04
 -0.137547249896D-03 -0.253779286814D-01  0.119001796622D-03  0.957072159992D-03
 -0.310206542701D-01  0.102045699322D-02  0.942750370805D-03  0.309292945768D-01
  0.971487376962D-03  0.957069317103D-03 -0.310206526170D-01 -0.990379767163D-03
 -0.137547521469D-03  0.341005370362D+00  0.309793884505D-04 -0.137122531246D-03
  0.136718599249D-04  0.180993163708D-04 -0.985061225456D-04  0.983097375037D-06
  0.176254617763D-04 -0.987263795345D-04 -0.159724708229D-05  0.312039624043D-04
 -0.137502539386D-03 -0.139329148700D-04  0.309793737749D-04  0.137122475553D-03
 -0.132660302658D-04  0.312040006537D-04 -0.137502564219D-03  0.134919126503D-04
  0.176254672958D-04 -0.987262791283D-04  0.486300598879D-01  0.133331504245D-03
 -0.910053766071D-04  0.190193643868D-03  0.117849833388D-03 -0.108651378014D-03
  0.135908649425D-04  0.113747343360D-03 -0.111376826563D-03 -0.223182620262D-04
  0.131194358570D-03 -0.921590547796D-04 -0.193963927448D-03  0.133331300854D-03
  0.910045881648D-04 -0.184672035350D-03  0.131194904405D-03 -0.921594014270D-04
  0.187933762023D-03  0.113747418237D-03 -0.111375402182D-03  0.180992975705D-04
  0.441476028711D+00 -0.942844818471D-03  0.308634727108D-01  0.996326198200D-03
  0.108653612729D-03  0.252701222928D-01  0.703768711985D-04  0.134766126625D-03
  0.253239630489D-01 -0.118735948797D-03 -0.957133609670D-03  0.309546419861D-01
 -0.101817409244D-02 -0.942845672069D-03 -0.308634768967D-01 -0.969314011950D-03
 -0.957130773153D-03  0.309546403367D-01  0.988164458318D-03  0.134766397565D-03
  0.253239702692D-01  0.985061847364D-04  0.108652251018D-03  0.341113188052D+00
 -0.153174890049D-04  0.661571970287D-04 -0.688912701097D-05 -0.900919368576D-05
  0.473650934064D-04 -0.495268302383D-06 -0.877685548278D-05  0.474712964807D-04
  0.804886204130D-06 -0.154274419091D-04  0.663403588068D-04  0.702077767395D-05
 -0.153174816118D-04 -0.661571689581D-04  0.668473020328D-05 -0.154274611930D-04
  0.663403713165D-04 -0.679864756182D-05 -0.877685826252D-05  0.474712458689D-04
 -0.648070991417D-06 -0.900918420725D-05 -0.473651247451D-04  0.486291005305D-01
  0.155825476431D-02  0.168289565544D-02 -0.785405567427D-03 -0.130117082312D-02
 -0.114930412170D-02 -0.562037279020D-04 -0.128361949455D-02 -0.115845289884D-02
  0.930196450181D-04  0.155627210728D-02  0.166317740963D-02  0.801671199369D-03
  0.155825549405D-02 -0.168289239729D-02  0.763239001044D-03  0.155626991297D-02
  0.166317876307D-02 -0.777257686565D-03 -0.128361974291D-02 -0.115845856382D-02
 -0.763104508618D-04 -0.130116976199D-02  0.114930080442D-02  0.374859549584D-04
  0.553338882439D+00  0.961555722891D-03 -0.698207775614D-02 -0.581884381679D-04
  0.201279443555D-02 -0.493958101940D-02 -0.399130245132D-05  0.200642481554D-02
 -0.494740194754D-02  0.705358937170D-05  0.963227161505D-03 -0.699395393406D-02
  0.596420490430D-04  0.961555758251D-03  0.698207800572D-02  0.567740203624D-04
  0.963226992920D-03 -0.699395384994D-02 -0.580285711849D-04  0.200642480840D-02
 -0.494740236133D-02 -0.601858828231D-05  0.201279451412D-02  0.493958081515D-02
  0.274854348361D-05  0.142864820490D-01  0.598717164559D+00 -0.408518960385D-03
  0.687990867387D-02 -0.352837777178D-04 -0.143408716656D-02  0.522852179961D-02
 -0.262771727150D-05 -0.143291067193D-02  0.523958654192D-02  0.347182935108D-05
 -0.404713620392D-03  0.689408469969D-02  0.353349746194D-04 -0.408518843775D-03
 -0.687990854105D-02  0.336670380198D-04 -0.404713747359D-03  0.689408481805D-02
 -0.337444953960D-04 -0.143291073167D-02  0.523958615741D-02 -0.207239560805D-05
 -0.143408709000D-02 -0.522852215833D-02  0.152361316858D-05 -0.128016250683D-01
  0.629480529802D-02  0.549373625180D+00  0.933039822979D-03 -0.698810616576D-02
 -0.592322233399D-04  0.199089554989D-02 -0.494194345764D-02 -0.406624954578D-05
  0.198456094199D-02 -0.494975645240D-02  0.717570869696D-05  0.934677226199D-03
 -0.699995251387D-02  0.607059865932D-04  0.933039859396D-03  0.698810641957D-02
  0.577870374977D-04  0.934677054752D-03 -0.699995242791D-02 -0.590590242604D-04
  0.198456093445D-02 -0.494975687372D-02 -0.611714439449D-05  0.199089562986D-02
  0.494194324880D-02  0.279801325345D-05  0.143174894668D-01 -0.875375918306D-02
  0.632127897753D-02  0.598699130487D+00  0.153936195396D-02  0.169746083359D-02
 -0.779052561548D-03 -0.131557244012D-02 -0.112667642776D-02 -0.557492646894D-04
 -0.129817808788D-02 -0.113576275771D-02  0.922673246263D-04  0.153742551349D-02
  0.167786114995D-02  0.795186612590D-03  0.153936267786D-02 -0.169745760181D-02
  0.757065255192D-03  0.153742333687D-02  0.167786249247D-02 -0.770970534081D-03
 -0.129817833427D-02 -0.113576837713D-02 -0.756932890210D-04 -0.131557138752D-02
  0.112667313709D-02  0.371828523907D-04 -0.266497622173D-01  0.142858034239D-01
 -0.127784751334D-01  0.143166783302D-01  0.553340098550D+00 -0.108406220263D-02
  0.165396949753D-02 -0.730129514666D-04 -0.145129775714D-02  0.118937256106D-02
 -0.524453843650D-05 -0.145144202265D-02  0.119154016424D-02  0.832936560488D-05
 -0.108338228602D-02  0.165685960364D-02  0.742360680055D-04 -0.108406210027D-02
 -0.165396920267D-02  0.706891838015D-04 -0.108338250144D-02  0.165685975150D-02
 -0.717603089893D-04 -0.145144206610D-02  0.119153958539D-02 -0.649512591073D-05
 -0.145129764695D-02 -0.118937295452D-02  0.340012537191D-05 -0.595254813530D-02
  0.327758767043D-02 -0.142227404726D-02  0.328204199682D-02 -0.594891093718D-02
  0.415364893495D+00 -0.188098040147D-02  0.295973077117D-02 -0.118458189479D-03
 -0.254488059322D-02  0.213989518136D-02 -0.851103220075D-05 -0.254540519468D-02
  0.214382046949D-02  0.134722970084D-04 -0.187958399254D-02  0.296492247969D-02
  0.120405157852D-03 -0.188098023049D-02 -0.295973029346D-02  0.114653817638D-03
 -0.187958434400D-02  0.296492272279D-02 -0.116361629325D-03 -0.254540526803D-02
  0.214381952226D-02 -0.104597279393D-04 -0.254488041261D-02 -0.213989583206D-02
  0.550531691902D-05 -0.106411713536D-01  0.581765399243D-02 -0.254694887361D-02
  0.582587712105D-02 -0.106339825785D-01 -0.169604205809D-02  0.417729551424D+00
  0.372481246537D-04  0.421856223229D-04  0.215142319880D-05  0.300712176347D-04
  0.300906787146D-04  0.153114591284D-06  0.300818650376D-04  0.301359127580D-04
 -0.252657855742D-06  0.372641186280D-04  0.422425142669D-04 -0.219463634599D-05
  0.372481224947D-04 -0.421856311617D-04 -0.208951127384D-05  0.372641247130D-04
  0.422425104970D-04  0.212693422147D-05  0.300818658177D-04  0.301359285415D-04
  0.205375660912D-06  0.300712146685D-04 -0.300906692537D-04 -0.101662695185D-06
 -0.325184515991D-04  0.154350405353D-04 -0.424041712398D-04  0.155466820650D-04
 -0.324086184336D-04 -0.775511753154D-05 -0.142666726282D-04  0.418525196111D+00
 -0.491108176159D-03  0.210888060278D-02 -0.221688717475D-03 -0.289547752938D-03
  0.150981413795D-02 -0.159365713817D-04 -0.282145588431D-03  0.151320360266D-02
  0.258992808207D-04 -0.494611206349D-03  0.211472400120D-02  0.225924385052D-03
 -0.491107938057D-03 -0.210887969947D-02  0.215110608046D-03 -0.494611827065D-03
  0.211472440386D-02 -0.218775888157D-03 -0.282145677996D-03  0.151320197351D-02
 -0.208520242806D-04 -0.289547447803D-03 -0.150981514696D-02  0.105065734642D-04
  0.119463810006D-02  0.873928794078D-04  0.553530305733D-04  0.889838095908D-04
  0.118497593252D-02  0.111669711876D-03  0.181256044085D-03 -0.327139926714D-05
  0.174108435640D-01  0.297181721781D-03 -0.127914980626D-02  0.133905388139D-03
  0.175098749772D-03 -0.916079704133D-03  0.962627141983D-05  0.170615672618D-03
 -0.918135672357D-03 -0.156437279802D-04  0.299303608609D-03 -0.128269443603D-02
 -0.136463653798D-03  0.297181577960D-03  0.127914926065D-02 -0.129931886431D-03
  0.299303983516D-03 -0.128269467925D-02  0.132145639478D-03  0.170615726718D-03
 -0.918134688342D-03  0.125949343554D-04  0.175098565473D-03  0.916080313591D-03
 -0.634629011812D-05 -0.723413786832D-03 -0.532887836762D-04 -0.325462536505D-04
 -0.542500350460D-04 -0.717562860132D-03 -0.672088976133D-04 -0.109036738587D-03
  0.197912856585D-05 -0.204218393312D-03  0.155095130355D-01 -0.730669974497D-05
  0.328568016350D-04 -0.318500205069D-05 -0.425188405643D-05  0.236606710681D-04
 -0.229054196870D-06 -0.413970229274D-05  0.237134957666D-04  0.372068011443D-06
 -0.735992036015D-05  0.329479478386D-04  0.324577414560D-05 -0.730669632418D-05
 -0.328567886632D-04  0.309042053643D-05 -0.735992926821D-05  0.329479536255D-04
 -0.314300416162D-05 -0.413970357982D-05  0.237134723791D-04 -0.299497861575D-06
 -0.425187967773D-05 -0.236606855592D-04  0.150980467829D-06  0.180379775676D-04
  0.149835184229D-05  0.350956215350D-06  0.152138631706D-05  0.178920230674D-04
  0.148198816903D-05  0.237892293638D-05 -0.485099951473D-07  0.485788813026D-05
 -0.293417244483D-05  0.162295241350D-01  0.155825557852D-02  0.168288998022D-02
 -0.785405326847D-03 -0.130117042892D-02 -0.114930833773D-02 -0.562037104805D-04
 -0.128361911670D-02 -0.115845712381D-02  0.930196169074D-04  0.155627292935D-02
  0.166317171881D-02  0.801670954268D-03  0.155825630826D-02 -0.168288672219D-02
  0.763238767671D-03  0.155627073503D-02  0.166317307226D-02 -0.777257449288D-03
 -0.128361936505D-02 -0.115846278879D-02 -0.763104282695D-04 -0.130116936779D-02
  0.114930502036D-02  0.374859435002D-04 -0.266503115319D-01  0.142864816295D-01
 -0.128016244298D-01  0.143174890451D-01 -0.266497646847D-01 -0.595254805709D-02
 -0.106411711845D-01 -0.325184460639D-04  0.119463773256D-02 -0.723413564974D-03
  0.180379723389D-04  0.553338877464D+00  0.961548425334D-03 -0.698204782341D-02
 -0.581917336873D-04  0.201279006555D-02 -0.493955956171D-02 -0.399153929148D-05
  0.200642055006D-02 -0.494738044131D-02  0.705397424019D-05  0.963219814371D-03
 -0.699392391773D-02  0.596454074484D-04  0.961548460677D-03  0.698204807301D-02
  0.567772180223D-04  0.963219645777D-03 -0.699392383361D-02 -0.580318232750D-04
  0.200642054292D-02 -0.494738085512D-02 -0.601889802503D-05  0.201279014413D-02
  0.493955935744D-02  0.274869960055D-05  0.142864991132D-01 -0.874478334511D-02
  0.629480673415D-02 -0.875375798408D-02  0.142858203507D-01  0.327758953196D-02
  0.581765705328D-02  0.154349924063D-04  0.873979052778D-04 -0.532918193329D-04
  0.149842399974D-05  0.142864986936D-01  0.598717166912D+00 -0.408517411333D-03
  0.687990145560D-02 -0.352831257693D-04 -0.143408627399D-02  0.522851657141D-02
 -0.262767036849D-05 -0.143290980330D-02  0.523958130204D-02  0.347175320549D-05
 -0.404712059945D-03  0.689407746137D-02  0.353343102543D-04 -0.408517294743D-03
 -0.687990132278D-02  0.336664054525D-04 -0.404712186930D-03  0.689407757973D-02
 -0.337438520852D-04 -0.143290986305D-02  0.523958091753D-02 -0.207233433537D-05
 -0.143408619743D-02 -0.522851693012D-02  0.152358226065D-05 -0.128016289145D-01
  0.629480494349D-02 -0.413200526672D-02  0.632127861826D-02 -0.127784789485D-01
 -0.142227433469D-02 -0.254694933099D-02 -0.424041609913D-04  0.553520360927D-04
 -0.325456530169D-04  0.350941953831D-06 -0.128016282759D-01  0.629480637959D-02
  0.549373625169D+00  0.933044491869D-03 -0.698812420356D-02 -0.592300700632D-04
  0.199089839311D-02 -0.494195634478D-02 -0.406609485581D-05  0.198456372119D-02
 -0.494976936897D-02  0.717545726338D-05  0.934681925444D-03 -0.699997060229D-02
  0.607037922223D-04  0.933044528283D-03  0.698812445737D-02  0.577849481580D-04
  0.934681754002D-03 -0.699997051634D-02 -0.590568993457D-04  0.198456371368D-02
 -0.494976979027D-02 -0.611694205883D-05  0.199089847309D-02  0.494195613595D-02
  0.279791128452D-05  0.143174789084D-01 -0.875375981042D-02  0.632127764449D-02
 -0.876281923650D-02  0.143166678567D-01  0.328204066055D-02  0.582587490188D-02
  0.155467127261D-04  0.889805259336D-04 -0.542480516839D-04  0.152133917015D-05
  0.143174784868D-01 -0.875375861151D-02  0.632127728523D-02  0.598699129203D+00
  0.153936938449D-02  0.169742820087D-02 -0.779049325670D-03 -0.131556807987D-02
 -0.112669994349D-02 -0.557490320104D-04 -0.129817383877D-02 -0.113578632624D-02
  0.922669466838D-04  0.153743299682D-02  0.167782842638D-02  0.795183315008D-03
  0.153937010838D-02 -0.169742496900D-02  0.757062115442D-03  0.153743082019D-02
  0.167782976889D-02 -0.770967340935D-03 -0.129817408515D-02 -0.113579194565D-02
 -0.756929848550D-04 -0.131556702728D-02  0.112669665293D-02  0.371826990334D-04
 -0.266497802014D-01  0.142858019731D-01 -0.127784758164D-01  0.143166768564D-01
 -0.266491107726D-01 -0.594891254802D-02 -0.106339851868D-01 -0.324085694838D-04
  0.118497099708D-02 -0.717559879171D-03  0.178919522378D-04 -0.266497826686D-01
  0.142858188999D-01 -0.127784796313D-01  0.143166663829D-01  0.553340062873D+00
 -0.108407635311D-02  0.165402691654D-02 -0.730193698656D-04 -0.145130625438D-02
  0.118941367528D-02 -0.524499967861D-05 -0.145145031819D-02  0.119158137158D-02
  0.833011519520D-05 -0.108339653215D-02  0.165691718305D-02  0.742426089149D-04
 -0.108407625074D-02 -0.165402662165D-02  0.706954116373D-04 -0.108339674759D-02
  0.165691733092D-02 -0.717666428638D-04 -0.145145036164D-02  0.119158079270D-02
 -0.649572920911D-05 -0.145130614417D-02 -0.118941406876D-02  0.340042941842D-05
 -0.595251516185D-02  0.327758986838D-02 -0.142227108714D-02  0.328204423956D-02
 -0.594887822899D-02 -0.960043908399D-03 -0.169603602182D-02 -0.775521062825D-05
  0.111679500159D-03 -0.672148098463D-04  0.148212872402D-05 -0.595251508366D-02
  0.327759173006D-02 -0.142227137461D-02  0.328204290319D-02 -0.594887983995D-02
  0.415364900827D+00 -0.188097131966D-02  0.295969333504D-02 -0.118454097463D-03
 -0.254487516392D-02  0.213986834322D-02 -0.851073810666D-05 -0.254539989609D-02
  0.214379357070D-02  0.134718191030D-04 -0.187957484874D-02  0.296488493906D-02
  0.120400987744D-03 -0.188097114870D-02 -0.295969285734D-02  0.114649847127D-03
 -0.187957520017D-02  0.296488518215D-02 -0.116357591223D-03 -0.254539996945D-02
  0.214379262349D-02 -0.104593433057D-04 -0.254487498332D-02 -0.213986899391D-02
  0.550512305971D-05 -0.106411926793D-01  0.581765251337D-02 -0.254695057209D-02
  0.582587561329D-02 -0.106340037324D-01 -0.169604434061D-02 -0.299623848081D-02
 -0.142666128077D-04  0.181249803483D-03 -0.109032969214D-03  0.237883333294D-05
 -0.106411925101D-01  0.581765557411D-02 -0.254695102945D-02  0.582587339420D-02
 -0.106340063407D-01 -0.169603830452D-02  0.417729543929D+00  0.372379216337D-04
  0.422277169210D-04  0.214682113202D-05  0.300651200313D-04  0.301208489733D-04
  0.152783839083D-06  0.300759145773D-04  0.301661511984D-04 -0.252120371274D-06
  0.372538458259D-04  0.422847263121D-04 -0.218994644346D-05  0.372379194797D-04
 -0.422277257401D-04 -0.208504584800D-05  0.372538518981D-04  0.422847225515D-04
  0.212239277314D-05  0.300759153554D-04  0.301661669481D-04  0.204943065499D-06
  0.300651170713D-04 -0.301208395335D-04 -0.101444668893D-06 -0.324944609895D-04
  0.154367040364D-04 -0.424022859329D-04  0.155483778639D-04 -0.323848209934D-04
 -0.775255950105D-05 -0.142624736719D-04 -0.167569740194D-06 -0.326438081545D-05
  0.197488935354D-05 -0.484092171914D-07 -0.324944554619D-04  0.154366560119D-04
 -0.424022757051D-04  0.155484084567D-04 -0.323847721461D-04 -0.775265239418D-05
 -0.142624139812D-04  0.418525195975D+00  0.476155124405D-03 -0.204788543257D-02
  0.214679745522D-03  0.280608472607D-03 -0.146645254888D-02  0.154329242952D-04
  0.273427340582D-03 -0.146974402607D-02 -0.250803829725D-04  0.479553860531D-03
 -0.205356008921D-02 -0.218781316059D-03  0.476154893831D-03  0.204788455783D-02
 -0.208309448018D-03  0.479554461600D-03 -0.205356047914D-02  0.211858678424D-03
  0.273427427315D-03 -0.146974244846D-02  0.201925777260D-04  0.280608177131D-03
  0.146645352597D-02 -0.101744673762D-04 -0.115884797829D-02 -0.851567857295D-04
 -0.526341791498D-04 -0.866977234428D-04 -0.114947530979D-02 -0.107870686617D-03
 -0.175031412004D-03  0.317120160424D-05 -0.327406368248D-03  0.197762138740D-03
 -0.470419014106D-05 -0.115884762253D-02 -0.851616525892D-04 -0.526332161693D-04
 -0.866945436696D-04 -0.114947053057D-02 -0.107880165265D-03 -0.175025368831D-03
  0.316440517650D-05  0.173898047354D-01 -0.290240359954D-03  0.124946998915D-02
 -0.130777038033D-03 -0.171001771690D-03  0.894827155518D-03 -0.940138675018D-05
 -0.166622838832D-03  0.896835385288D-03  0.152782605168D-04 -0.292312941105D-03
  0.125293231304D-02  0.133275537938D-03 -0.290240219494D-03 -0.124946945629D-02
  0.126896368183D-03 -0.292313307253D-03  0.125293255058D-02 -0.129058402929D-03
 -0.166622891668D-03  0.896834424265D-03 -0.123006975473D-04 -0.171001591698D-03
 -0.894827750734D-03  0.619803127893D-05  0.706571771807D-03  0.520705709587D-04
  0.317153702425D-04  0.530094677267D-04  0.700856897032D-03  0.656179640308D-04
  0.106451470479D-03 -0.193306657887D-05  0.199447389193D-03 -0.120471419326D-03
  0.286562461606D-05  0.706571555127D-03  0.520735356829D-04  0.317147836414D-04
  0.530075307138D-04  0.700853985719D-03  0.656237381159D-04  0.106447789181D-03
 -0.192892641919D-05 -0.193141969926D-03  0.155038167430D-01  0.660845882561D-05
 -0.303182541121D-04  0.282682858842D-05  0.382370573849D-05 -0.218984797317D-04
  0.203336728410D-06  0.372169237817D-05 -0.219472663549D-04 -0.330201768787D-06
  0.665692820429D-05 -0.304024615577D-04 -0.288071921396D-05  0.660845578813D-05
  0.303182426021D-04 -0.274284061008D-05  0.665693610680D-05 -0.304024666955D-04
  0.278946867659D-05  0.372169352146D-05 -0.219472456034D-04  0.265756683180D-06
  0.382370185398D-05  0.218984925943D-04 -0.134012255164D-06 -0.163890395235D-04
 -0.143969536456D-05 -0.140844549315D-06 -0.146017718744D-05 -0.162564653521D-04
 -0.127126844691D-05 -0.202992857177D-05  0.437617794936D-07 -0.431182154119D-05
  0.260427625335D-05 -0.618711581661D-07 -0.163890349175D-04 -0.143975939707D-05
 -0.140831905813D-06 -0.146013534105D-05 -0.162564025242D-04 -0.127139318770D-05
 -0.202984905690D-05  0.436723460005D-07  0.417532770641D-05 -0.254343490586D-05
  0.162295092611D-01  0.167509338588D-02 -0.719670805312D-02  0.755834994523D-03
  0.987507543678D-03 -0.515290081586D-02  0.543350343085D-04  0.962260587831D-03
 -0.516446844601D-02 -0.883017144903D-04  0.168704189683D-02 -0.721665042137D-02
 -0.770275782942D-03  0.167509257404D-02  0.719670497334D-02 -0.733406873464D-03
  0.168704401312D-02 -0.721665179424D-02  0.745903032823D-03  0.962260893218D-03
 -0.516446289147D-02  0.710929639442D-04  0.987506503336D-03  0.515290425610D-02
 -0.358215324656D-04 -0.407442607358D-02 -0.298741221630D-03 -0.188119035445D-03
 -0.304165889345D-03 -0.404147165335D-02 -0.380659858926D-03 -0.617840509957D-03
  0.111596753683D-04 -0.115271576899D-02  0.696271205186D-03 -0.165623808570D-04
 -0.407442482106D-02 -0.298758357240D-03 -0.188115644949D-03 -0.304154693583D-03
 -0.404145482648D-02 -0.380693232008D-03 -0.617819232775D-03  0.111357461240D-04
  0.111627410153D-02 -0.680004708257D-03  0.147004808219D-04  0.141210558349D-01
  0.820845139879D-02  0.110000120558D-02 -0.136221900189D-02  0.103719618371D-01
 -0.723313201920D-03 -0.977451476710D-04  0.104357485193D-01 -0.721628662212D-03
  0.161856584895D-03  0.818499166131D-02  0.110073417462D-02  0.139071876124D-02
  0.820845258031D-02 -0.109999557481D-02  0.132404688623D-02  0.818498792957D-02
  0.110073647463D-02 -0.134855523751D-02  0.104357481372D-01 -0.721638271482D-03
 -0.133239352182D-03  0.103719636244D-01  0.723307686056D-03  0.652798088618D-04
  0.405286475322D-01 -0.204931301624D-01  0.467421011577D-02 -0.204601334381D-01
  0.404701618588D-01  0.687831024749D-02  0.119275313485D-01 -0.312552948047D-04
  0.207225810758D-02 -0.125523013403D-02  0.315116906054D-04  0.405286426940D-01
 -0.204931014756D-01  0.467420340248D-02 -0.204601507447D-01  0.404701309212D-01
  0.687836559721D-02  0.119274953774D-01 -0.312147686948D-04 -0.201062442253D-02
  0.122610890049D-02 -0.286561674402D-04 -0.706697929064D-02  0.408913023191D+00
$end
