$coord
   -2.30084969510473     -1.32841796272772     -0.00000012440640  c
   -2.30086963052411      1.32837869716172      0.00000005048344  c
    0.00000936750381     -2.65680205647858      0.00000019452120  c
    2.30085446646157     -1.32838671468238      0.00000004724133  c
   -0.00002713901289      2.65679241422209      0.00000018513256  c
    2.30083482497919      1.32840706927769     -0.00000011966661  c
   -4.09338552916066     -2.36334873158860     -0.00000003382302  h
    0.00002617081597     -4.72664805993409     -0.00000018764240  h
   -4.09342033788610      2.36328277171467      0.00000012004024  h
   -0.00003331835889      4.72663846173384     -0.00000021724828  h
    4.09336568344570      2.36334590614623     -0.00000000160195  h
    4.09340065053494     -2.36329848662860      0.00000008696989  h
$user-defined bonds
$redundant
     number_of_atoms            12
     degrees_of_freedom         30
     internal_coordinates       30
     frozen_coordinates          0
# definitions of redundant internals
   1 k  1.0000000000000 stre   1    7           val=   2.06985
   2 k -0.7071067811865 bend   3    7    1      val=  -0.00015
        0.7071067811865 bend   2    7    1
   3 k  1.0000000000000 outp   7    2    3    1 val=  -0.00001
   4 k  1.0000000000000 stre   3    8           val=   2.06985
   5 k -0.7071067811865 bend   1    8    3      val=  -0.00010
        0.7071067811865 bend   4    8    3
   6 k  1.0000000000000 outp   8    4    1    3 val=  -0.00002
   7 k  1.0000000000000 stre   2    9           val=   2.06985
   8 k -0.7071067811865 bend   5    9    2      val=  -0.00020
        0.7071067811865 bend   1    9    2
   9 k  1.0000000000000 outp   9    1    5    2 val=   0.00000
  10 k  1.0000000000000 stre   5   10           val=   2.06985
  11 k  0.7071067811865 bend   2   10    5      val=   0.00020
       -0.7071067811865 bend   6   10    5
  12 k  1.0000000000000 outp  10    6    2    5 val=   0.00002
  13 k  1.0000000000000 stre   6   11           val=   2.06985
  14 k -0.7071067811865 bend   4   11    6      val=  -0.00012
        0.7071067811865 bend   5   11    6
  15 k  1.0000000000000 outp  11    5    4    6 val=   0.00001
  16 k  1.0000000000000 stre   4   12           val=   2.06985
  17 k -0.7071067811865 bend   6   12    4      val=  -0.00005
        0.7071067811865 bend   3   12    4
  18 k  1.0000000000000 outp  12    3    6    4 val=  -0.00000
  19 k  1.0000000000000 stre   1    3           val=   2.65679
  20 k  1.0000000000000 stre   3    4           val=   2.65680
  21 k  1.0000000000000 stre   4    6           val=   2.65679
  22 k  1.0000000000000 stre   6    5           val=   2.65680
  23 k  1.0000000000000 stre   5    2           val=   2.65679
  24 k  1.0000000000000 stre   2    1           val=   2.65680
  25 k -0.2886751345948 bend   1    4    3      val=   0.00007
       -0.2886751345948 bend   3    6    4
        0.5773502691896 bend   4    5    6
       -0.2886751345948 bend   6    2    5
       -0.2886751345948 bend   5    1    2
        0.5773502691896 bend   2    3    1
  26 k  0.5000000000000 bend   1    4    3      val=  -0.00003
       -0.5000000000000 bend   3    6    4
        0.5000000000000 bend   6    2    5
       -0.5000000000000 bend   5    1    2
  27 k -0.4082482904639 bend   1    4    3      val=   0.00001
        0.4082482904639 bend   3    6    4
       -0.4082482904639 bend   4    5    6
        0.4082482904639 bend   6    2    5
       -0.4082482904639 bend   5    1    2
        0.4082482904639 bend   2    3    1
  28 k -0.2886751345948 tors   3    4    6    5 val=   0.00001
       -0.2886751345948 tors   4    6    5    2
        0.5773502691896 tors   6    5    2    1
       -0.2886751345948 tors   5    2    1    3
       -0.2886751345948 tors   2    1    3    4
        0.5773502691896 tors   1    3    4    6
  29 k  0.5000000000000 tors   3    4    6    5 val=   0.00001
       -0.5000000000000 tors   4    6    5    2
        0.5000000000000 tors   5    2    1    3
       -0.5000000000000 tors   2    1    3    4
  30 k -0.4082482904639 tors   3    4    6    5 val=   0.00000
        0.4082482904639 tors   4    6    5    2
       -0.4082482904639 tors   6    5    2    1
        0.4082482904639 tors   5    2    1    3
       -0.4082482904639 tors   2    1    3    4
        0.4082482904639 tors   1    3    4    6
        30 non zero eigenvalues  of BmBt
           1          10.998012318    1    0
         1
           2           5.067053644    2    0
         2
           3           5.066660633    3    0
         3
           4           4.367642068    4    0
         4
           5           4.367600311    5    0
         5
           6           3.548188718    6    0
         6
           7           3.494794024    7    0
         7
           8           3.494769028    8    0
         8
           9           3.182229621    9    0
         9
          10           2.618033986   10    0
        10
          11           1.975723509   11    0
        11
          12           1.889049253   12    0
        12
          13           1.889000882   13    0
        13
          14           1.573073546   14    0
        14
          15           1.573044451   15    0
        15
          16           0.987867451   16    0
        16
          17           0.987856052   17    0
        17
          18           0.541753081   18    0
        18
          19           0.474828551   19    0
        19
          20           0.401468407   20    0
        20
          21           0.381966009   21    0
        21
          22           0.356302739   22    0
        22
          23           0.356298817   23    0
        23
          24           0.278466074   24    0
        24
          25           0.278463490   25    0
        25
          26           0.259117895   26    0
        26
          27           0.259112674   27    0
        27
          28           0.148862574   28    0
        28
          29           0.107706554   29    0
        29
          30           0.107705404   30    0
        30
$end
