$grad          cartesian gradients
  cycle =      1 MP2 energy =     -231.4980316804 |dE/dxyz| =  0.018108
   -2.28486785772975     -1.31919891059677      0.00000000000000      c
   -2.28483006320725      1.31914221881303      0.00000000000000      c
    0.00000000000000     -2.63826554036480      0.00000000000000      c
    2.28484896046850     -1.31910442429053      0.00000000000000      c
    0.00000000000000      2.63826554036480      0.00000000000000      c
    2.28486785772975      1.31916111607428      0.00000000000000      c
   -4.06224976459247     -2.34530129920704      0.00000000000000      h
   -0.00001889726125     -4.69060259841409      0.00000000000000      h
   -4.06228755911497      2.34511232659455      0.00000000000000      h
    0.00007558904500      4.69060259841409      0.00000000000000      h
    4.06217417554747      2.34545247729704      0.00000000000000      h
    4.06219307280872     -2.34532019646829      0.00000000000000      h
  0.27024912856355D-02  0.15406381017486D-02  -.94618073643654D-13
  0.27274231299277D-02  -.15408627377065D-02  0.00000000000000D+00
  0.11049083019046D-05  0.31530727846558D-02  0.14792269997150D-12
  -.27218768503623D-02  0.15892433384090D-02  -.61494753745080D-13
  -.97229532240034D-06  -.31558451635867D-02  0.10999125798293D-12
  -.27138838441516D-02  -.15831456336164D-02  -.93371981590657D-13
  0.57981839157435D-02  0.33519641551938D-02  0.22873502390341D-13
  -.46885320167314D-05  0.66892343774185D-02  0.00000000000000D+00
  0.57952054452874D-02  -.33610511997266D-02  0.00000000000000D+00
  0.49700390395601D-05  -.66890826491370D-02  -.22268149297547D-13
  -.57938874110897D-02  -.33381339042666D-02  -.17283933132709D-13
  -.57940697906154D-02  0.33439685308632D-02  0.00000000000000D+00
  cycle =      2 MP2 energy =     -231.4989058790 |dE/dxyz| =  0.002292
   -2.29876856977214     -1.32722270854460      0.00000000000141      c
   -2.29877493952209      1.32719744748563     -0.00000000000008      c
    0.00001401207470     -2.65438960086890     -0.00000000000233      c
    2.29878846327273     -1.32718116004046      0.00000000000077      c
   -0.00002010809243      2.65438754091156     -0.00000000000263      c
    2.29877634131265      1.32720145860063      0.00000000000176      c
   -4.08935223287501     -2.36096687493668      0.00000000000485      h
    0.00000209419767     -4.72196293324469     -0.00000000000574      h
   -4.08942088928289      2.36084128340984      0.00000000000206      h
    0.00003043520849      4.72196052812320     -0.00000000000630      h
    4.08929160761285      2.36107541212159      0.00000000000537      h
    4.08933929955923     -2.36099708480083      0.00000000000086      h
  0.33736870982093D-03  0.18393047805976D-03  0.76708473786972D-11
  0.35128656503325D-03  -.17930517859366D-03  -.32861620037958D-13
  0.28141707813482D-05  0.39949922487814D-03  -.10099286726497D-10
  -.34315355177572D-03  0.20301846229298D-03  0.27832307720887D-11
  -.69004668469251D-05  -.40039266603031D-03  -.61444605462547D-11
  -.33592503728208D-03  -.20424727952406D-03  0.36803081589889D-11
  0.73491972224859D-03  0.42745063907157D-03  0.25566381589430D-11
  -.21434492359091D-05  0.84676672675155D-03  -.23323251797956D-11
  0.73132024449896D-03  -.43189122283671D-03  0.16515652534630D-11
  0.27418668852893D-05  -.84683448523126D-03  -.25816006894755D-11
  -.73695826214237D-03  -.42014157150572D-03  0.27483443372226D-11
  -.73537051156292D-03  0.42214687183550D-03  0.99751774418521D-13
  cycle =      3 MP2 energy =     -231.4989204501 |dE/dxyz| =  0.000062
   -2.30078281590015     -1.32838234657547     -0.00000000033265      c
   -2.30080006668306      1.32835639833596     -0.00000000005705      c
    0.00001354380124     -2.65672634358508      0.00000000049627      c
    2.30080334374023     -1.32835054391986     -0.00000000005385      c
   -0.00002423497232      2.65672123331526      0.00000000048353      c
    2.30078432552333      1.32836667355650     -0.00000000031973      c
   -4.09327768052501     -2.36325013857294     -0.00000000165873      h
    0.00001225747481     -4.72650784562941      0.00000000199780      h
   -4.09333950105341      2.36314986568973     -0.00000000049586      h
    0.00000766282872      4.72650256709305      0.00000000210398      h
    4.09323061271051      2.36332032315203     -0.00000000176502      h
    4.09327806674888     -2.36325653464349     -0.00000000039868      h
  0.82866739488097D-05  -.10757449224741D-05  0.23795874804675D-08
  0.14781890976145D-04  0.48002929151636D-05  0.56477872765125D-09
  0.10177778360943D-05  0.12017059473735D-04  -.29952934221809D-08
  -.89848282138760D-05  0.87590016573103D-05  0.58359067717524D-09
  -.48549470356679D-05  -.12602753104218D-04  -.29284599176005D-08
  -.54258332911061D-05  -.10290066080110D-04  0.23174097719745D-08
  0.18357631915045D-04  0.12799374681460D-04  0.21842167683478D-09
  -.10533094338549D-05  0.21815307093220D-04  -.24430396512547D-09
  0.16291841649974D-04  -.15580368664114D-04  0.68255272805368D-10
  0.18385526974166D-05  -.21863631758379D-04  -.26353894936817D-09
  -.20602871110942D-04  -.83746601635681D-05  0.24002730938661D-09
  -.19652580232510D-04  0.95961884465368D-05  0.59525422577304D-10
  cycle =      4 MP2 energy =     -231.4989203041 |dE/dxyz| =  0.000062
   -2.30089593038974     -1.32844583162876     -0.00000014903730      c
   -2.30091647642845      1.32841135988233     -0.00000003637222      c
    0.00001075152815     -2.65685980797187      0.00000018841553      c
    2.30090660479104     -1.32841564156461     -0.00000003489778      c
   -0.00002615254448      2.65685136127246      0.00000018806559      c
    2.30088613169672      1.32843405641312     -0.00000014880001      c
   -4.09348483127392     -2.36339378511756     -0.00000054031686      h
    0.00002262580621     -4.72676047505347      0.00000067033634      h
   -4.09352904231775      2.36331737154390     -0.00000013557714      h
   -0.00001877453005      4.72675209171168      0.00000067505105      h
    4.09345532473280      2.36341525862689     -0.00000054496823      h
    4.09349528262326     -2.36336264989784     -0.00000013189896      h
  -.88405303495520D-05  -.64431330715209D-05  0.15216127565134D-07
  -.81587758300472D-05  0.77259380422134D-05  0.79623083949961D-09
  -.10790817996460D-06  -.11309819797134D-04  -.17990992635649D-07
  0.97172573232385D-05  -.42004721167999D-05  0.89828453337075D-09
  -.10230280643257D-05  0.11007636290472D-04  -.17700741588120D-07
  0.10000742338256D-04  0.36881531286781D-05  0.15063895656281D-07
  -.20332032312442D-04  -.10930717990743D-04  -.42794292387889D-08
  -.11860799985132D-06  -.22944368526900D-04  0.64684407760026D-08
  -.20742254506878D-04  0.99331735650132D-05  -.35510258893291D-09
  0.85371768055046D-06  0.22967652577144D-04  0.66016950044052D-08
  0.19266119314576D-04  0.12486281959045D-04  -.43975413288588D-08
  0.19485300523314D-04  -.11980323342264D-04  -.32086689622641D-09
  cycle =      5 MP2 energy =     -231.4989207580 |dE/dxyz| =  0.000005
   -2.30084969510473     -1.32841796272772     -0.00000012440640      c
   -2.30086963052411      1.32837869716172      0.00000005048344      c
    0.00000936750381     -2.65680205647858      0.00000019452120      c
    2.30085446646157     -1.32838671468238      0.00000004724133      c
   -0.00002713901289      2.65679241422209      0.00000018513256      c
    2.30083482497919      1.32840706927769     -0.00000011966661      c
   -4.09338552916066     -2.36334873158860     -0.00000003382302      h
    0.00002617081597     -4.72664805993409     -0.00000018764240      h
   -4.09342033788610      2.36328277171467      0.00000012004024      h
   -0.00003331835889      4.72663846173384     -0.00000021724828      h
    4.09336568344570      2.36334590614623     -0.00000000160195      h
    4.09340065053494     -2.36329848662860      0.00000008696989      h
  -.62186820048993D-06  -.26548568765605D-06  0.47027125566936D-08
  -.12358681509284D-05  0.35280621535350D-06  0.48513486106344D-08
  -.42084552990460D-06  -.17114528816364D-05  -.40915609817717D-08
  0.13269946865790D-05  -.21156516982757D-06  0.48769197907937D-08
  -.40171175082714D-07  0.16482809481744D-05  -.36292727564692D-08
  0.95065069505296D-06  0.16154156856629D-06  0.47170722108204D-08
  -.16581172270769D-05  -.79911667327792D-06  0.49678653860935D-08
  0.18007205513977D-06  -.16838957144216D-05  -.11385033240954D-07
  -.15684136891458D-05  0.70351503955735D-06  0.12630035824755D-08
  0.28797105945891D-06  0.16956084856190D-05  -.12261251737567D-07
  0.14048560390556D-05  0.10615662389135D-05  0.56783239705424D-08
  0.13947394550407D-05  -.95180236403536D-06  0.30987266431986D-09
$end
