$hessapprox internal
  0.434912144076D+00 -0.220360525318D-02  0.368980312518D+00  0.454801859001D-05
  0.134887406753D-06  0.482582013814D-01 -0.391885060014D-02 -0.214987856344D-02
  0.449058999314D-05  0.435333862511D+00  0.100938436046D-02  0.183279340153D-03
 -0.118084533040D-06  0.982533202308D-03  0.369229749980D+00  0.701768786337D-05
  0.226197948212D-06  0.154314250812D-08  0.692740182227D-05 -0.190319730807D-06
  0.482543619774D-01 -0.398638906783D-02 -0.216018566545D-02  0.449642578777D-05
 -0.376559223616D-02  0.987913899407D-03  0.693688674691D-05  0.435226020327D+00
 -0.602773292185D-02 -0.965838814391D-03  0.411225421552D-06 -0.587911484105D-02
  0.509501944745D-03  0.683808702831D-06 -0.590780061270D-02  0.366635249797D+00
 -0.366271102264D-06 -0.184113706052D-08 -0.102822463382D-09 -0.362481387404D-06
  0.545805846265D-08 -0.155360079464D-09 -0.362711525733D-06 -0.850549166872D-08
  0.482582920998D-01 -0.393469804913D-02 -0.215500843569D-02  0.449749731913D-05
 -0.371482379445D-02  0.985034689912D-03  0.693817572251D-05 -0.378095467382D-02
 -0.589325798303D-02 -0.362979866567D-06  0.435303371184D+00  0.226869490206D-02
  0.339736818994D-03 -0.101016494688D-06  0.221494073027D-02 -0.181108384485D-03
 -0.174553565264D-06  0.222510449996D-02  0.948276078706D-03 -0.119595449296D-08
  0.222011426788D-02  0.368993416969D+00 -0.705386418904D-05 -0.222912360300D-06
 -0.156105485737D-08 -0.696352478298D-05  0.189301698627D-06 -0.234616954054D-08
 -0.697294023616D-05 -0.675189536969D-06  0.156973952889D-09 -0.697432571831D-05
  0.170849030841D-06  0.482543618531D-01 -0.405949277018D-02 -0.217530452563D-02
  0.450792236828D-05 -0.383655887435D-02  0.995664457382D-03  0.695524288984D-05
 -0.390329104065D-02 -0.594976550792D-02 -0.363329430225D-06 -0.385211958737D-02
  0.224009460523D-02 -0.699123908011D-05  0.435057254134D+00 -0.357204438322D-02
 -0.555969632659D-03  0.206590338277D-06 -0.348547821614D-02  0.294590198542D-03
  0.348071672391D-06 -0.350203913447D-02 -0.155048126046D-02 -0.200457040460D-08
 -0.349375658788D-02  0.544986418787D-03 -0.342645651135D-06 -0.352635321308D-02
  0.368434397125D+00 -0.464818532368D-05 -0.134363857805D-06 -0.105667245042D-08
 -0.458981531880D-05  0.119116083911D-06 -0.158917441622D-08 -0.459568671928D-05
 -0.410749724963D-06  0.105725355846D-09 -0.459685240547D-05  0.996270424119D-07
  0.160754768594D-08 -0.460731726439D-05 -0.205472673812D-06  0.482542167753D-01
 -0.396834740533D-02 -0.215194799137D-02  0.448194034683D-05 -0.374845993068D-02
  0.984039067679D-03  0.691445565510D-05 -0.381452834716D-02 -0.588519411202D-02
 -0.361584767399D-06 -0.376375171096D-02  0.221669752184D-02 -0.695041314134D-05
 -0.388562612570D-02 -0.348871232239D-02 -0.458089764782D-05  0.435239655391D+00
 -0.181295312216D-02 -0.277851798772D-03  0.948167614139D-07 -0.176940954550D-02
  0.147588273423D-03  0.161207429821D-06 -0.177769687399D-02 -0.775142575332D-03
 -0.192626131170D-09 -0.177358510232D-02  0.272118275750D-03 -0.158365674312D-06
 -0.178989330410D-02 -0.445824882511D-03 -0.940220395481D-07 -0.177095016552D-02
  0.369103814760D+00  0.238960089754D-06 -0.285473998861D-08  0.761445937832D-10
  0.236863313029D-06 -0.173907036320D-08  0.115321779724D-09  0.236905688941D-06
 -0.551587757836D-08 -0.721672853084D-11  0.237162509057D-06  0.497501227624D-08
 -0.116451590207D-09  0.237170288680D-06 -0.527058118051D-08 -0.782419321730D-10
  0.236188517103D-06 -0.322050375650D-08  0.482549112870D-01 -0.666295545192D-02
 -0.332233238135D-02  0.669968558080D-05 -0.631673764351D-02  0.152850632450D-02
  0.103426489799D-04 -0.641849230146D-02 -0.909286283437D-02 -0.537109677835D-06
 -0.634134688742D-02  0.341588156751D-02 -0.103947595132D-04 -0.652971537800D-02
 -0.538400469990D-02 -0.684629450399D-05 -0.638983524609D-02 -0.273142567840D-02
  0.349318556907D-06  0.600253216199D+00 -0.561976386399D-02 -0.315928569567D-02
  0.663791895422D-05 -0.529890411147D-02  0.144216146839D-02  0.102387873376D-04
 -0.539579723282D-02 -0.863819500759D-02 -0.536407840125D-06 -0.532109076084D-02
  0.325602227699D-02 -0.102924706257D-04 -0.549989281043D-02 -0.512233044322D-02
 -0.678482233320D-05 -0.537103627962D-02 -0.260066442081D-02  0.350781402087D-06
 -0.907881630129D-02  0.603284845229D+00 -0.695335987706D-02 -0.338658299131D-02
  0.675961685232D-05 -0.659834557352D-02  0.156099282211D-02  0.104373939599D-04
 -0.670196197223D-02 -0.927087441430D-02 -0.540802664343D-06 -0.662374756910D-02
  0.347990798237D-02 -0.104894336835D-04 -0.681580818643D-02 -0.548744896389D-02
 -0.690710679747D-05 -0.667213981160D-02 -0.278339562072D-02  0.351218085550D-06
 -0.110941862973D-01 -0.949137722257D-02  0.599382121522D+00 -0.478077715027D-02
 -0.299530229871D-02  0.651512921708D-05 -0.448333566241D-02  0.135795709452D-02
  0.100425888883D-04 -0.457546443356D-02 -0.818290232615D-02 -0.529880800599D-06
 -0.450336231731D-02  0.309348511999D-02 -0.100969193564D-04 -0.467270831355D-02
 -0.485860218195D-02 -0.666063007334D-05 -0.455398238371D-02 -0.246840217039D-02
  0.348034839679D-06 -0.780515171251D-02 -0.638665646253D-02 -0.818920019419D-02
  0.605617426408D+00 -0.776622115658D-02 -0.353369361410D-02  0.685274456889D-05
 -0.738962721184D-02  0.163726966236D-02  0.105876578825D-04 -0.749754474466D-02
 -0.967987374939D-02 -0.545023434127D-06 -0.741704425150D-02  0.362522842777D-02
 -0.106388542888D-04 -0.761762079327D-02 -0.572388359004D-02 -0.700101563162D-05
 -0.746460068592D-02 -0.290183608150D-02  0.352497289916D-06 -0.123250224554D-01
 -0.106529012501D-01 -0.128047961030D-01 -0.928305419427D-02  0.596786730246D+00
 -0.421624520816D-02 -0.289973116380D-02  0.646189082270D-05 -0.393310518712D-02
  0.130807614101D-02  0.995595393635D-05 -0.402239502438D-02 -0.791694257675D-02
 -0.527834290504D-06 -0.395178973221D-02  0.299928522513D-02 -0.100109435596D-04
 -0.411557109972D-02 -0.470506268561D-02 -0.660708711223D-05 -0.400303466599D-02
 -0.239154867650D-02  0.347707160964D-06 -0.695215024839D-02 -0.557867457102D-02
 -0.731897842195D-02 -0.450104524728D-02 -0.837279876895D-02  0.607076608823D+00
 -0.185315590196D-04 -0.786804748866D-04  0.174836560512D-06 -0.111764020477D-04
  0.353964779261D-04  0.269418638423D-06 -0.133031550337D-04 -0.214694657063D-03
 -0.142594316442D-07 -0.116852170489D-04  0.813496816298D-04 -0.270896237924D-06
 -0.159700002678D-04 -0.127609077160D-03 -0.178757042665D-06 -0.129226868445D-04
 -0.648962754175D-04  0.938264119511D-08 -0.484700172366D-04 -0.112018894719D-04
 -0.584043922688D-04  0.181524469427D-04 -0.870185680489D-04  0.377588964243D-04
  0.431762795496D+00  0.478413647726D-03  0.131537645806D-03 -0.155774479166D-06
  0.461545354611D-03 -0.650694052928D-04 -0.243989474424D-06  0.465285292586D-03
  0.363350834687D-03  0.107344022586D-07  0.463017577851D-03 -0.132037651054D-03
  0.244354058013D-06  0.470485373652D-03  0.212077083060D-03  0.158504328189D-06
  0.463250966588D-03  0.106805170508D-03 -0.618846637117D-08  0.736550845366D-03
  0.674474744288D-03  0.757561275296D-03  0.617912886812D-03  0.809957438302D-03
  0.583171379430D-03  0.159009090779D-04  0.431721591464D+00 -0.773438873862D-04
 -0.212919714058D-04  0.258248662849D-07 -0.746316697404D-04  0.105075476686D-04
  0.404163277752D-07 -0.752391420992D-04 -0.587969092283D-04 -0.179613682207D-08
 -0.748671332506D-04  0.213911578086D-04 -0.404847585565D-07 -0.760739168164D-04
 -0.343345673484D-04 -0.262838328929D-07 -0.749134085652D-04 -0.172952889532D-04
  0.104419656850D-08 -0.119089515319D-03 -0.109037930891D-03 -0.122473413582D-03
 -0.999199945167D-04 -0.130929450606D-03 -0.943010807969D-04 -0.249907469489D-05
  0.638641297944D-05  0.431760395207D+00 -0.260777898585D-06 -0.295796078688D-06
  0.584909209300D-09 -0.230806958591D-06  0.136156134173D-06  0.903429598189D-09
 -0.238796680900D-06 -0.809436850925D-06 -0.466559302262D-10 -0.233050184603D-06
  0.303718951443D-06 -0.907866476657D-09 -0.249292907645D-06 -0.479061037793D-06
 -0.597619127599D-09 -0.236692790502D-06 -0.243092317472D-06  0.302335324912D-10
 -0.462196017359D-06 -0.322238575971D-06 -0.501836743611D-06 -0.207837993215D-06
 -0.611892194196D-06 -0.133231287740D-06 -0.435259680434D-08  0.667858190885D-07
 -0.105428882053D-07  0.189863012509D-01 -0.158959412291D-05 -0.393620604991D-06
  0.415613552025D-09 -0.153743433702D-05  0.196894201952D-06  0.653715913623D-09
 -0.154868151009D-05 -0.108894434376D-05 -0.272710799509D-10 -0.154207024760D-05
  0.393647923569D-06 -0.654027367504D-09 -0.156453144382D-05 -0.634164609363D-06
 -0.422366758044D-09 -0.154208717441D-05 -0.318987826526D-06  0.150027185882D-10
 -0.243550094052D-05 -0.224983412045D-05 -0.249999343803D-05 -0.207778722187D-05
 -0.265849266344D-05 -0.197311571438D-05 -0.542842657034D-07  0.124030193839D-06
 -0.199257925606D-07 -0.221892902334D-09  0.189863170480D-01 -0.141052640645D-06
 -0.465846158847D-08 -0.307653412812D-10 -0.139227584565D-06  0.387560450633D-08
 -0.462213900686D-10 -0.139421207870D-06 -0.140497253063D-07  0.310215460037D-11
 -0.139444849164D-06  0.362429379969D-08  0.467678941620D-10 -0.139793971910D-06
 -0.717772340166D-08  0.316849184454D-10 -0.138969862422D-06 -0.333259557941D-08
 -0.230440461183D-11 -0.207913335082D-06 -0.205772726478D-06 -0.209831716629D-06
 -0.201787543225D-06 -0.212892626922D-06 -0.200018407240D-06 -0.541288365127D-08
  0.492648648553D-08 -0.815860162810D-09 -0.181637878307D-10 -0.132161736925D-10
  0.189863093662D-01
$end
