$coord
   -5.10955591031012     -8.35418537235563     -6.81852511333391  c
   -7.59358945698252     -9.05739805376038     -6.70745109607727  c
   -9.07123941306544     -8.52905966012354     -4.50815388307500  c
   -8.02145444996082     -7.31412832384706     -2.48353853738957  c
   -5.42648059374110     -6.54156892152227     -2.51215591997641  c
   -3.92708505393867     -7.07692804287057     -4.74448452392644  c
   -4.31145678588341     -5.30387256185396     -0.47911383788715  c
   -1.75426625642522     -4.54788403499937     -0.52004513228961  c
   -0.25185278123399     -5.08367822131733     -2.75714184864242  c
   -1.40452490094284     -6.34070230276393     -4.80740425538180  c
   -0.61656296010882     -3.29887277515352      1.52467632557886  c
    1.92141937544085     -2.55286884835928      1.47446107889841  c
    3.42685108008166     -3.08916947737607     -0.76719275707699  c
    2.29249307429353     -4.33522273369624     -2.80705400323865  c
    3.07552705607335     -1.29653128346166      3.52640425147933  c
    5.60080634978353     -0.55691765278928      3.47116896788525  c
    7.10873593050914     -1.09363260128116      1.22586711065631  c
    5.98563969944692     -2.33217063237832     -0.80683662571785  c
    9.67668207887959     -0.33086545532440      1.19413161331756  c
    6.76646822769229      0.70395726011447      5.52723947372917  c
    9.28413606221101      1.44011542092729      5.47072588457653  c
   10.79447620227725      0.90289869153413      3.22198864710943  c
   13.36541935098190      1.66832000607298      3.19588257895352  c
   10.45627253366984      2.70213511148288      7.52709982359786  c
   12.97248638672100      3.43860252303790      7.47365828733447  c
   14.48512082396729      2.90084420039138      5.22164524826935  c
   17.05093501857502      3.66522817471872      5.19745212462136  c
   14.14382887890263      4.69785091652958      9.52541289661382  c
   16.66632632310136      5.43924320606671      9.47955438161591  c
   18.18073505080336      4.90101181173350      7.22501504989765  c
   20.73361310913432      5.65940849988794      7.19770247471100  c
   17.82832326013994      6.69117106747298     11.52282699445598  c
   20.36457963822068      7.44072957697434     11.48720442790058  c
   21.87966828737219      6.90231820856420      9.23168494054975  c
   24.41591535137657      7.65179820381394      9.19606534344929  c
   21.51060989830608      8.68361349536103     13.52117566869013  c
   24.06357188092754      9.44186843623883     13.49394442231580  c
   25.57798299753221      8.90360626226937     11.23941702610985  c
   28.10060489169033      9.64455664474499     11.19372813319327  c
   25.19344181070931     10.67736572593105     15.52162396982665  c
   27.75945652929889     11.44118034543709     15.49768159486150  c
   29.27212688593364     10.90329190687842     13.24572996115089  c
   31.78853972968897     11.63915099640063     13.19255234878790  c
   28.87925632559765     12.67339027646641     17.52358796412603  c
   31.45039734512385     13.43817951599012     17.49775423125827  c
   32.96080441067815     12.90077245745582     15.24911481244728  c
   35.47885168303470     13.63577871279179     15.19313236957512  c
   32.56845536997365     14.67110424047660     19.52600036099446  c
   35.13680738712257     15.43248920420628     19.49488030832431  c
   36.64485620242920     14.89546539943872     17.24973500011333  c
   39.17060411296620     15.63363892252890     17.19518674986942  c
   36.26019821969678     16.67002893760109     21.52805630309222  c
   38.81938506853054     17.42564085669568     21.48905107121724  c
   40.32498661010668     16.88893022581051     19.24760358440081  c
   42.86344338134867     17.63345261032025     19.19811141602131  c
   39.95403597636057     18.67063602777376     23.52941882715059  c
   42.49883231360503     19.41753392391713     23.48023805910473  c
   44.00144038120285     18.88130600502686     21.24336500603094  c
   46.55916272400226     19.63559301520104     21.20326965813080  c
   43.65185099232255     20.67326974535153     25.53111208773136  c
   46.17489546118195     21.40785064403768     25.46898267577697  c
   47.67449969856804     20.87204664741257     23.23688839356764  c
   50.26997837171778     21.64296023003999     23.20908773589527  c
   47.35768025861287     22.68389092397169     27.54360276014199  c
   49.84224885794762     23.38532619733155     27.43339022857055  c
   51.32006854937421     22.85666268729466     25.23427682109822  c
   -3.98225526063784     -8.75190653868955     -8.48702199667142  h
   -8.46518953988232    -10.02435074829744     -8.29159310590408  h
  -11.03888049614251     -9.10358000187766     -4.46168951477761  h
   -9.13905390537291     -6.91076708328500     -0.80999402141531  h
   -5.43472947045374     -4.90409284706554      1.19344425533864  h
   -0.28146970755330     -6.74072885892611     -6.48006904702619  h
   -1.74041190190810     -2.90001788527124      3.19685479033512  h
    3.41483631759599     -4.73521512862759     -4.47998438469468  h
    1.95135550553890     -0.89829737586938      5.19854774712724  h
    7.10782458856458     -2.73186985698119     -2.47997547322829  h
   10.79876618573497     -0.73020147493640     -0.47927119483569  h
    5.64187749407937      1.10194118308337      7.19927195198125  h
   14.48766106518834      1.26914222330030      1.52237915691486  h
    9.33151666141285      3.09991981570344      9.19924236349014  h
   18.17359523990777      3.26648701055618      3.52394039417212  h
   13.01918388248835      5.09578329473523     11.19778041302645  h
   21.85704193182276      5.26085720043607      5.52453110546501  h
   16.70421700434989      7.08929039199576     13.19564596846294  h
   25.54009329440052      7.25348817433223      7.52333775939862  h
   20.38720804927967      9.08209818459704     15.19438362420208  h
   29.22530058272224      9.24648992252286      9.52142050064594  h
   24.07073199287615     11.07630046728899     17.19506217508538  h
   32.91344797178557     11.24083627982809     11.52063100116003  h
   27.75696940888850     13.07277321260451     19.19701946485577  h
   36.60346593407011     13.23768083970092     13.52113716350720  h
   31.44622109376292     15.07092257178614     21.19919416156327  h
   40.29495529018468     15.23484676973898     15.52329314395447  h
   35.13790390339585     17.06996875521050     23.20106916758041  h
   43.98743854441960     17.23420823510738     17.52612206167110  h
   38.83155024607399     19.07094986077999     25.20217986964579  h
   47.68261838037555     19.23533546599128     19.53094810646478  h
   42.52867909597481     21.07352796771277     27.20364476060876  h
   51.38770485387482     21.23934249994001     21.53568964950424  h
   46.23015737686843     23.08219881943403     29.21181046846377  h
   50.71418485694129     24.35100443496828     29.01812513239241  h
   53.28809509556027     23.42990911739517     25.18843862305482  h
$user-defined bonds
$redundant
     number_of_atoms           102
     degrees_of_freedom        300
     internal_coordinates      300
     frozen_coordinates          0
# definitions of redundant internals
   1 k  1.0000000000000 stre   1   67           val=   2.05253
   2 k -0.7071060416017 bend   2   67    1      val=  -1.18318
        0.7071075207706 bend   6   67    1
   3 k  1.0000000000000 outp  67    6    2    1 val=  -0.00438
   4 k  1.0000000000000 stre   2   68           val=   2.05041
   5 k  0.7071067876865 bend   3   68    2      val=  -0.49877
       -0.7071067746866 bend   1   68    2
   6 k  1.0000000000000 outp  68    1    3    2 val=  -0.00182
   7 k  1.0000000000000 stre   3   69           val=   2.05033
   8 k  0.7071068678248 bend   2   69    3      val=  -0.50648
       -0.7071066945482 bend   4   69    3
   9 k  1.0000000000000 outp  69    4    2    3 val=  -0.00758
  10 k  1.0000000000000 stre   4   70           val=   2.05243
  11 k -0.7071061260242 bend   3   70    4      val=  -1.17347
        0.7071074363483 bend   5   70    4
  12 k  1.0000000000000 outp  70    5    3    4 val=  -0.00320
  13 k  1.0000000000000 stre   7   71           val=   2.05402
  14 k -0.7071067180391 bend   5   71    7      val=  -0.25598
        0.7071068443339 bend   8   71    7
  15 k  1.0000000000000 outp  71    8    5    7 val=  -0.01798
  16 k  1.0000000000000 stre  10   72           val=   2.05404
  17 k  0.7071070789387 bend   9   72   10      val=  -0.26641
       -0.7071064834343 bend   6   72   10
  18 k  1.0000000000000 outp  72    6    9   10 val=   0.01160
  19 k  1.0000000000000 stre  11   73           val=   2.05385
  20 k  0.7071073445812 bend   8   73   11      val=  -0.03953
       -0.7071062177914 bend  12   73   11
  21 k  1.0000000000000 outp  73   12    8   11 val=  -0.01930
  22 k  1.0000000000000 stre  14   74           val=   2.05386
  23 k  0.7071069990891 bend  13   74   14      val=   0.02905
       -0.7071065632839 bend   9   74   14
  24 k  1.0000000000000 outp  74    9   13   14 val=   0.00708
  25 k  1.0000000000000 stre  15   75           val=   2.05388
  26 k  0.7071079452997 bend  12   75   15      val=  -0.23419
       -0.7071056170715 bend  16   75   15
  27 k  1.0000000000000 outp  75   16   12   15 val=  -0.02196
  28 k  1.0000000000000 stre  18   76           val=   2.05389
  29 k -0.7071065766268 bend  17   76   18      val=  -0.22295
        0.7071069857462 bend  13   76   18
  30 k  1.0000000000000 outp  76   13   17   18 val=   0.00639
  31 k  1.0000000000000 stre  19   77           val=   2.05398
  32 k -0.7071039511732 bend  22   77   19      val=  -0.34072
        0.7071096111886 bend  17   77   19
  33 k  1.0000000000000 outp  77   17   22   19 val=   0.00815
  34 k  1.0000000000000 stre  20   78           val=   2.05397
  35 k  0.7071069439602 bend  16   78   20      val=  -0.35340
       -0.7071066184129 bend  21   78   20
  36 k  1.0000000000000 outp  78   21   16   20 val=  -0.02030
  37 k  1.0000000000000 stre  23   79           val=   2.05411
  38 k -0.7070856680523 bend  26   79   23      val=  -0.36737
        0.7071278936904 bend  22   79   23
  39 k  1.0000000000000 outp  79   22   26   23 val=   0.00845
  40 k  1.0000000000000 stre  24   80           val=   2.05411
  41 k  0.7071148161093 bend  25   80   24      val=   0.38412
       -0.7070987461725 bend  21   80   24
  42 k  1.0000000000000 outp  80   21   25   24 val=   0.01894
  43 k  1.0000000000000 stre  27   81           val=   2.05426
  44 k -0.7070064426013 bend  30   81   27      val=  -0.27334
        0.7072071055358 bend  26   81   27
  45 k  1.0000000000000 outp  81   26   30   27 val=   0.01089
  46 k  1.0000000000000 stre  28   82           val=   2.05426
  47 k  0.7071099540467 bend  25   82   28      val=  -0.30208
       -0.7071036083122 bend  29   82   28
  48 k  1.0000000000000 outp  82   29   25   28 val=  -0.01539
  49 k  1.0000000000000 stre  31   83           val=   2.05437
  50 k  0.7072368681076 bend  30   83   31      val=  -0.08444
       -0.7069766703289 bend  34   83   31
  51 k  1.0000000000000 outp  83   34   30   31 val=  -0.00777
  52 k  1.0000000000000 stre  32   84           val=   2.05437
  53 k  0.7071118959063 bend  29   84   32      val=  -0.11831
       -0.7071016664298 bend  33   84   32
  54 k  1.0000000000000 outp  84   33   29   32 val=  -0.01485
  55 k  1.0000000000000 stre  35   85           val=   2.05437
  56 k  0.7071456273855 bend  34   85   35      val=   0.12654
       -0.7070679328534 bend  38   85   35
  57 k  1.0000000000000 outp  85   38   34   35 val=  -0.00669
  58 k  1.0000000000000 stre  36   86           val=   2.05437
  59 k  0.7071204139522 bend  37   86   36      val=  -0.10454
       -0.7070931481580 bend  33   86   36
  60 k  1.0000000000000 outp  86   33   37   36 val=   0.01376
  61 k  1.0000000000000 stre  39   87           val=   2.05427
  62 k  0.7071300385805 bend  38   87   39      val=   0.30710
       -0.7070835230276 bend  42   87   39
  63 k  1.0000000000000 outp  87   42   38   39 val=  -0.00892
  64 k  1.0000000000000 stre  40   88           val=   2.05427
  65 k  0.7071404139675 bend  41   88   40      val=  -0.28495
       -0.7070731468058 bend  37   88   40
  66 k  1.0000000000000 outp  88   37   41   40 val=   0.01227
  67 k  1.0000000000000 stre  43   89           val=   2.05412
  68 k -0.7070231437757 bend  42   89   43      val=  -0.36846
        0.7071904087058 bend  46   89   43
  69 k  1.0000000000000 outp  89   46   42   43 val=  -0.00800
  70 k  1.0000000000000 stre  44   90           val=   2.05412
  71 k  0.7073828942316 bend  45   90   44      val=  -0.32503
       -0.7068305602820 bend  41   90   44
  72 k  1.0000000000000 outp  90   41   45   44 val=   0.00993
  73 k  1.0000000000000 stre  47   91           val=   2.05397
  74 k -0.7066757004303 bend  46   91   47      val=  -0.28018
        0.7075375992987 bend  50   91   47
  75 k  1.0000000000000 outp  91   50   46   47 val=  -0.01724
  76 k  1.0000000000000 stre  48   92           val=   2.05398
  77 k -0.7069293454427 bend  45   92   48      val=  -0.31139
        0.7072841724173 bend  49   92   48
  78 k  1.0000000000000 outp  92   49   45   48 val=  -0.00564
  79 k  1.0000000000000 stre  51   93           val=   2.05388
  80 k  0.7071822693262 bend  50   93   51      val=   0.24644
       -0.7070312849872 bend  54   93   51
  81 k  1.0000000000000 outp  93   54   50   51 val=  -0.01553
  82 k  1.0000000000000 stre  52   94           val=   2.05389
  83 k  0.7071570806072 bend  49   94   52      val=   0.23092
       -0.7070564781876 bend  53   94   52
  84 k  1.0000000000000 outp  94   53   49   52 val=  -0.00746
  85 k  1.0000000000000 stre  55   95           val=   2.05385
  86 k -0.7071061995051 bend  58   95   55      val=   0.03927
        0.7071073628675 bend  54   95   55
  87 k  1.0000000000000 outp  95   54   58   55 val=   0.01579
  88 k  1.0000000000000 stre  56   96           val=   2.05386
  89 k  0.7071088174684 bend  53   96   56      val=   0.02894
       -0.7071047448988 bend  57   96   56
  90 k  1.0000000000000 outp  96   57   53   56 val=  -0.00888
  91 k  1.0000000000000 stre  59   97           val=   2.05402
  92 k  0.7071074162696 bend  62   97   59      val=   0.25649
       -0.7071061461029 bend  58   97   59
  93 k  1.0000000000000 outp  97   58   62   59 val=   0.01413
  94 k  1.0000000000000 stre  60   98           val=   2.05404
  95 k  0.7071078493283 bend  57   98   60      val=  -0.26640
       -0.7071057130432 bend  61   98   60
  96 k  1.0000000000000 outp  98   61   57   60 val=  -0.01371
  97 k  1.0000000000000 stre  63   99           val=   2.05243
  98 k -0.7071048111022 bend  66   99   63      val=  -1.17341
        0.7071087512654 bend  62   99   63
  99 k  1.0000000000000 outp  99   62   66   63 val=   0.00316
 100 k  1.0000000000000 stre  64  100           val=   2.05253
 101 k -0.7071037069243 bend  65  100   64      val=  -1.18266
        0.7071098554354 bend  61  100   64
 102 k  1.0000000000000 outp 100   61   65   64 val=   0.00237
 103 k  1.0000000000000 stre  65  101           val=   2.05041
 104 k  0.7071067834384 bend  66  101   65      val=  -0.49872
       -0.7071067789347 bend  64  101   65
 105 k  1.0000000000000 outp 101   64   66   65 val=   0.00483
 106 k  1.0000000000000 stre  66  102           val=   2.05033
 107 k -0.7071063151844 bend  63  102   66      val=  -0.50642
        0.7071072471883 bend  65  102   66
 108 k  1.0000000000000 outp 102   65   63   66 val=  -0.00626
 109 k  1.0000000000000 stre   5    4           val=   2.70768
 110 k  1.0000000000000 stre   4    3           val=   2.58402
 111 k  1.0000000000000 stre   3    2           val=   2.70176
 112 k  1.0000000000000 stre   2    1           val=   2.58404
 113 k  1.0000000000000 stre   1    6           val=   2.70763
 114 k -0.2886751345948 bend   6    4    5      val=  -0.38041
       -0.2886751345948 bend   5    3    4
        0.5773502691896 bend   4    2    3
       -0.2886751345948 bend   3    1    2
       -0.2886751345948 bend   2    6    1
        0.5773502691896 bend   1    5    6
 115 k  0.5000000000000 bend   6    4    5      val=  -0.75993
       -0.5000000000000 bend   5    3    4
        0.5000000000000 bend   3    1    2
       -0.5000000000000 bend   2    6    1
 116 k -0.4082482904639 bend   6    4    5      val=  -0.00130
        0.4082482904639 bend   5    3    4
       -0.4082482904639 bend   4    2    3
        0.4082482904639 bend   3    1    2
       -0.4082482904639 bend   2    6    1
        0.4082482904639 bend   1    5    6
 117 k -0.2886751345948 tors   5    4    3    2 val=   0.01293
       -0.2886751345948 tors   4    3    2    1
        0.5773502691896 tors   3    2    1    6
       -0.2886751345948 tors   2    1    6    5
       -0.2886751345948 tors   1    6    5    4
        0.5773502691896 tors   6    5    4    3
 118 k  0.5000000000000 tors   5    4    3    2 val=   0.01403
       -0.5000000000000 tors   4    3    2    1
        0.5000000000000 tors   2    1    6    5
       -0.5000000000000 tors   1    6    5    4
 119 k -0.4082482904639 tors   5    4    3    2 val=  -0.01207
        0.4082482904639 tors   4    3    2    1
       -0.4082482904639 tors   3    2    1    6
        0.4082482904639 tors   2    1    6    5
       -0.4082482904639 tors   1    6    5    4
        0.4082482904639 tors   6    5    4    3
 120 k  0.7071067811865 tors  10    6    5    1 val= 180.00210
        0.7071067811865 tors   7    6    5    4
 121 k  1.0000000000000 stre  61   64           val=   2.70764
 122 k  1.0000000000000 stre  64   65           val=   2.58404
 123 k  1.0000000000000 stre  65   66           val=   2.70177
 124 k  1.0000000000000 stre  66   63           val=   2.58402
 125 k  1.0000000000000 stre  63   62           val=   2.70769
 126 k -0.2886751345948 bend  62   64   61      val=  -0.37976
       -0.2886751345948 bend  61   65   64
        0.5773502691896 bend  64   66   65
       -0.2886751345948 bend  65   63   66
       -0.2886751345948 bend  66   62   63
        0.5773502691896 bend  63   61   62
 127 k  0.5000000000000 bend  62   64   61      val=  -0.76045
       -0.5000000000000 bend  61   65   64
        0.5000000000000 bend  65   63   66
       -0.5000000000000 bend  66   62   63
 128 k -0.4082482904639 bend  62   64   61      val=   0.00129
        0.4082482904639 bend  61   65   64
       -0.4082482904639 bend  64   66   65
        0.4082482904639 bend  65   63   66
       -0.4082482904639 bend  66   62   63
        0.4082482904639 bend  63   61   62
 129 k -0.2886751345948 tors  61   64   65   66 val=  -0.00637
       -0.2886751345948 tors  64   65   66   63
        0.5773502691896 tors  65   66   63   62
       -0.2886751345948 tors  66   63   62   61
       -0.2886751345948 tors  63   62   61   64
        0.5773502691896 tors  62   61   64   65
 130 k  0.5000000000000 tors  61   64   65   66 val=  -0.01517
       -0.5000000000000 tors  64   65   66   63
        0.5000000000000 tors  66   63   62   61
       -0.5000000000000 tors  63   62   61   64
 131 k -0.4082482904639 tors  61   64   65   66 val=   0.00849
        0.4082482904639 tors  64   65   66   63
       -0.4082482904639 tors  65   66   63   62
        0.4082482904639 tors  66   63   62   61
       -0.4082482904639 tors  63   62   61   64
        0.4082482904639 tors  62   61   64   65
 132 k  0.7071067811865 tors  59   62   61   63 val= 180.00368
        0.7071067811865 tors  60   62   61   64
 133 k  1.0000000000000 stre   8    7           val=   2.66691
 134 k  1.0000000000000 stre   7    5           val=   2.62839
 135 k  1.0000000000000 stre   5    6           val=   2.74191
 136 k  1.0000000000000 stre   6   10           val=   2.62855
 137 k  1.0000000000000 stre  10    9           val=   2.66690
 138 k -0.2886751345948 bend   9    7    8      val=  -0.71020
       -0.2886751345948 bend   8    5    7
        0.5773502691896 bend   7    6    5
       -0.2886751345948 bend   5   10    6
       -0.2886751345948 bend   6    9   10
        0.5773502691896 bend  10    8    9
 139 k  0.5000000000000 bend   9    7    8      val=  -1.42342
       -0.5000000000000 bend   8    5    7
        0.5000000000000 bend   5   10    6
       -0.5000000000000 bend   6    9   10
 140 k -0.4082482904639 bend   9    7    8      val=  -0.00151
        0.4082482904639 bend   8    5    7
       -0.4082482904639 bend   7    6    5
        0.4082482904639 bend   5   10    6
       -0.4082482904639 bend   6    9   10
        0.4082482904639 bend  10    8    9
 141 k -0.2886751345948 tors   8    7    5    6 val=   0.00740
       -0.2886751345948 tors   7    5    6   10
        0.5773502691896 tors   5    6   10    9
       -0.2886751345948 tors   6   10    9    8
       -0.2886751345948 tors  10    9    8    7
        0.5773502691896 tors   9    8    7    5
 142 k  0.5000000000000 tors   8    7    5    6 val=   0.01127
       -0.5000000000000 tors   7    5    6   10
        0.5000000000000 tors   6   10    9    8
       -0.5000000000000 tors  10    9    8    7
 143 k -0.4082482904639 tors   8    7    5    6 val=  -0.01181
        0.4082482904639 tors   7    5    6   10
       -0.4082482904639 tors   5    6   10    9
        0.4082482904639 tors   6   10    9    8
       -0.4082482904639 tors  10    9    8    7
        0.4082482904639 tors   9    8    7    5
 144 k  0.7071067811865 tors  14    9    8   10 val= 180.00756
        0.7071067811865 tors  11    9    8    7
 145 k  1.0000000000000 stre  57   60           val=   2.66691
 146 k  1.0000000000000 stre  60   61           val=   2.62854
 147 k  1.0000000000000 stre  61   62           val=   2.74192
 148 k  1.0000000000000 stre  62   59           val=   2.62838
 149 k  1.0000000000000 stre  59   58           val=   2.66693
 150 k -0.2886751345948 bend  58   60   57      val=  -0.71245
       -0.2886751345948 bend  57   61   60
        0.5773502691896 bend  60   62   61
       -0.2886751345948 bend  61   59   62
       -0.2886751345948 bend  62   58   59
        0.5773502691896 bend  59   57   58
 151 k  0.5000000000000 bend  58   60   57      val=  -1.42200
       -0.5000000000000 bend  57   61   60
        0.5000000000000 bend  61   59   62
       -0.5000000000000 bend  62   58   59
 152 k -0.4082482904639 bend  58   60   57      val=   0.00139
        0.4082482904639 bend  57   61   60
       -0.4082482904639 bend  60   62   61
        0.4082482904639 bend  61   59   62
       -0.4082482904639 bend  62   58   59
        0.4082482904639 bend  59   57   58
 153 k -0.2886751345948 tors  57   60   61   62 val=  -0.00419
       -0.2886751345948 tors  60   61   62   59
        0.5773502691896 tors  61   62   59   58
       -0.2886751345948 tors  62   59   58   57
       -0.2886751345948 tors  59   58   57   60
        0.5773502691896 tors  58   57   60   61
 154 k  0.5000000000000 tors  57   60   61   62 val=  -0.01387
       -0.5000000000000 tors  60   61   62   59
        0.5000000000000 tors  62   59   58   57
       -0.5000000000000 tors  59   58   57   60
 155 k -0.4082482904639 tors  57   60   61   62 val=   0.01193
        0.4082482904639 tors  60   61   62   59
       -0.4082482904639 tors  61   62   59   58
        0.4082482904639 tors  62   59   58   57
       -0.4082482904639 tors  59   58   57   60
        0.4082482904639 tors  58   57   60   61
 156 k  0.7071067811865 tors  55   58   57   59 val= 180.00356
        0.7071067811865 tors  56   58   57   60
 157 k  1.0000000000000 stre  12   11           val=   2.64583
 158 k  1.0000000000000 stre  11    8           val=   2.65241
 159 k  1.0000000000000 stre   8    9           val=   2.74753
 160 k  1.0000000000000 stre   9   14           val=   2.65262
 161 k  1.0000000000000 stre  14   13           val=   2.64584
 162 k -0.2886751345948 bend  13   11   12      val=  -0.74005
       -0.2886751345948 bend  12    8   11
        0.5773502691896 bend  11    9    8
       -0.2886751345948 bend   8   14    9
       -0.2886751345948 bend   9   13   14
        0.5773502691896 bend  14   12   13
 163 k  0.5000000000000 bend  13   11   12      val=  -1.48501
       -0.5000000000000 bend  12    8   11
        0.5000000000000 bend   8   14    9
       -0.5000000000000 bend   9   13   14
 164 k -0.4082482904639 bend  13   11   12      val=  -0.00195
        0.4082482904639 bend  12    8   11
       -0.4082482904639 bend  11    9    8
        0.4082482904639 bend   8   14    9
       -0.4082482904639 bend   9   13   14
        0.4082482904639 bend  14   12   13
 165 k -0.2886751345948 tors  12   11    8    9 val=   0.00627
       -0.2886751345948 tors  11    8    9   14
        0.5773502691896 tors   8    9   14   13
       -0.2886751345948 tors   9   14   13   12
       -0.2886751345948 tors  14   13   12   11
        0.5773502691896 tors  13   12   11    8
 166 k  0.5000000000000 tors  12   11    8    9 val=   0.00838
       -0.5000000000000 tors  11    8    9   14
        0.5000000000000 tors   9   14   13   12
       -0.5000000000000 tors  14   13   12   11
 167 k -0.4082482904639 tors  12   11    8    9 val=  -0.01264
        0.4082482904639 tors  11    8    9   14
       -0.4082482904639 tors   8    9   14   13
        0.4082482904639 tors   9   14   13   12
       -0.4082482904639 tors  14   13   12   11
        0.4082482904639 tors  13   12   11    8
 168 k  0.7071067811865 tors  18   13   12   14 val= 180.01103
        0.7071067811865 tors  15   13   12   11
 169 k  1.0000000000000 stre  53   56           val=   2.64585
 170 k  1.0000000000000 stre  56   57           val=   2.65260
 171 k  1.0000000000000 stre  57   58           val=   2.74754
 172 k  1.0000000000000 stre  58   55           val=   2.65240
 173 k  1.0000000000000 stre  55   54           val=   2.64585
 174 k -0.2886751345948 bend  54   56   53      val=  -0.74368
       -0.2886751345948 bend  53   57   56
        0.5773502691896 bend  56   58   57
       -0.2886751345948 bend  57   55   58
       -0.2886751345948 bend  58   54   55
        0.5773502691896 bend  55   53   54
 175 k  0.5000000000000 bend  54   56   53      val=  -1.48258
       -0.5000000000000 bend  53   57   56
        0.5000000000000 bend  57   55   58
       -0.5000000000000 bend  58   54   55
 176 k -0.4082482904639 bend  54   56   53      val=   0.00181
        0.4082482904639 bend  53   57   56
       -0.4082482904639 bend  56   58   57
        0.4082482904639 bend  57   55   58
       -0.4082482904639 bend  58   54   55
        0.4082482904639 bend  55   53   54
 177 k -0.2886751345948 tors  53   56   57   58 val=  -0.00494
       -0.2886751345948 tors  56   57   58   55
        0.5773502691896 tors  57   58   55   54
       -0.2886751345948 tors  58   55   54   53
       -0.2886751345948 tors  55   54   53   56
        0.5773502691896 tors  54   53   56   57
 178 k  0.5000000000000 tors  53   56   57   58 val=  -0.01011
       -0.5000000000000 tors  56   57   58   55
        0.5000000000000 tors  58   55   54   53
       -0.5000000000000 tors  55   54   53   56
 179 k -0.4082482904639 tors  53   56   57   58 val=   0.01219
        0.4082482904639 tors  56   57   58   55
       -0.4082482904639 tors  57   58   55   54
        0.4082482904639 tors  58   55   54   53
       -0.4082482904639 tors  55   54   53   56
        0.4082482904639 tors  54   53   56   57
 180 k  0.7071067811865 tors  51   54   53   55 val= 180.00861
        0.7071067811865 tors  52   54   53   56
 181 k  1.0000000000000 stre  16   15           val=   2.63194
 182 k  1.0000000000000 stre  15   12           val=   2.66849
 183 k  1.0000000000000 stre  12   13           val=   2.75299
 184 k  1.0000000000000 stre  13   18           val=   2.66871
 185 k  1.0000000000000 stre  18   17           val=   2.63196
 186 k -0.2886751345948 bend  17   15   16      val=  -0.77826
       -0.2886751345948 bend  16   12   15
        0.5773502691896 bend  15   13   12
       -0.2886751345948 bend  12   18   13
       -0.2886751345948 bend  13   17   18
        0.5773502691896 bend  18   16   17
 187 k  0.5000000000000 bend  17   15   16      val=  -1.56374
       -0.5000000000000 bend  16   12   15
        0.5000000000000 bend  12   18   13
       -0.5000000000000 bend  13   17   18
 188 k -0.4082482904639 bend  17   15   16      val=  -0.00197
        0.4082482904639 bend  16   12   15
       -0.4082482904639 bend  15   13   12
        0.4082482904639 bend  12   18   13
       -0.4082482904639 bend  13   17   18
        0.4082482904639 bend  18   16   17
 189 k -0.2886751345948 tors  16   15   12   13 val=   0.00566
       -0.2886751345948 tors  15   12   13   18
        0.5773502691896 tors  12   13   18   17
       -0.2886751345948 tors  13   18   17   16
       -0.2886751345948 tors  18   17   16   15
        0.5773502691896 tors  17   16   15   12
 190 k  0.5000000000000 tors  16   15   12   13 val=   0.00545
       -0.5000000000000 tors  15   12   13   18
        0.5000000000000 tors  13   18   17   16
       -0.5000000000000 tors  18   17   16   15
 191 k -0.4082482904639 tors  16   15   12   13 val=  -0.01378
        0.4082482904639 tors  15   12   13   18
       -0.4082482904639 tors  12   13   18   17
        0.4082482904639 tors  13   18   17   16
       -0.4082482904639 tors  18   17   16   15
        0.4082482904639 tors  17   16   15   12
 192 k  0.7071067811865 tors  19   17   16   18 val= 180.01094
        0.7071067811865 tors  20   17   16   15
 193 k  1.0000000000000 stre  49   52           val=   2.63198
 194 k  1.0000000000000 stre  52   53           val=   2.66869
 195 k  1.0000000000000 stre  53   54           val=   2.75299
 196 k  1.0000000000000 stre  54   51           val=   2.66848
 197 k  1.0000000000000 stre  51   50           val=   2.63197
 198 k -0.2886751345948 bend  50   52   49      val=  -0.78363
       -0.2886751345948 bend  49   53   52
        0.5773502691896 bend  52   54   53
       -0.2886751345948 bend  53   51   54
       -0.2886751345948 bend  54   50   51
        0.5773502691896 bend  51   49   50
 199 k  0.5000000000000 bend  50   52   49      val=  -1.56022
       -0.5000000000000 bend  49   53   52
        0.5000000000000 bend  53   51   54
       -0.5000000000000 bend  54   50   51
 200 k -0.4082482904639 bend  50   52   49      val=   0.00185
        0.4082482904639 bend  49   53   52
       -0.4082482904639 bend  52   54   53
        0.4082482904639 bend  53   51   54
       -0.4082482904639 bend  54   50   51
        0.4082482904639 bend  51   49   50
 201 k -0.2886751345948 tors  49   52   53   54 val=  -0.00144
       -0.2886751345948 tors  52   53   54   51
        0.5773502691896 tors  53   54   51   50
       -0.2886751345948 tors  54   51   50   49
       -0.2886751345948 tors  51   50   49   52
        0.5773502691896 tors  50   49   52   53
 202 k  0.5000000000000 tors  49   52   53   54 val=  -0.01120
       -0.5000000000000 tors  52   53   54   51
        0.5000000000000 tors  54   51   50   49
       -0.5000000000000 tors  51   50   49   52
 203 k -0.4082482904639 tors  49   52   53   54 val=   0.01221
        0.4082482904639 tors  52   53   54   51
       -0.4082482904639 tors  53   54   51   50
        0.4082482904639 tors  54   51   50   49
       -0.4082482904639 tors  51   50   49   52
        0.4082482904639 tors  50   49   52   53
 204 k  0.7071067811865 tors  47   50   49   51 val= 180.01145
        0.7071067811865 tors  48   50   49   52
 205 k  1.0000000000000 stre  21   20           val=   2.62369
 206 k  1.0000000000000 stre  20   16           val=   2.67881
 207 k  1.0000000000000 stre  16   17           val=   2.75741
 208 k  1.0000000000000 stre  17   19           val=   2.67902
 209 k  1.0000000000000 stre  19   22           val=   2.62371
 210 k -0.2886751345948 bend  22   20   21      val=  -0.82701
       -0.2886751345948 bend  21   16   20
        0.5773502691896 bend  20   17   16
       -0.2886751345948 bend  16   19   17
       -0.2886751345948 bend  17   22   19
        0.5773502691896 bend  19   21   22
 211 k  0.5000000000000 bend  22   20   21      val=  -1.66353
       -0.5000000000000 bend  21   16   20
        0.5000000000000 bend  16   19   17
       -0.5000000000000 bend  17   22   19
 212 k -0.4082482904639 bend  22   20   21      val=  -0.00176
        0.4082482904639 bend  21   16   20
       -0.4082482904639 bend  20   17   16
        0.4082482904639 bend  16   19   17
       -0.4082482904639 bend  17   22   19
        0.4082482904639 bend  19   21   22
 213 k -0.2886751345948 tors  21   20   16   17 val=   0.00753
       -0.2886751345948 tors  20   16   17   19
        0.5773502691896 tors  16   17   19   22
       -0.2886751345948 tors  17   19   22   21
       -0.2886751345948 tors  19   22   21   20
        0.5773502691896 tors  22   21   20   16
 214 k  0.5000000000000 tors  21   20   16   17 val=   0.00086
       -0.5000000000000 tors  20   16   17   19
        0.5000000000000 tors  17   19   22   21
       -0.5000000000000 tors  19   22   21   20
 215 k -0.4082482904639 tors  21   20   16   17 val=  -0.01426
        0.4082482904639 tors  20   16   17   19
       -0.4082482904639 tors  16   17   19   22
        0.4082482904639 tors  17   19   22   21
       -0.4082482904639 tors  19   22   21   20
        0.4082482904639 tors  22   21   20   16
 216 k  0.7071067811865 tors  23   22   21   19 val= 180.01121
        0.7071067811865 tors  24   22   21   20
 217 k  1.0000000000000 stre  45   48           val=   2.62373
 218 k  1.0000000000000 stre  48   49           val=   2.67901
 219 k  1.0000000000000 stre  49   50           val=   2.75741
 220 k  1.0000000000000 stre  50   47           val=   2.67880
 221 k  1.0000000000000 stre  47   46           val=   2.62372
 222 k -0.2886751345948 bend  46   48   45      val=  -0.83400
       -0.2886751345948 bend  45   49   48
        0.5773502691896 bend  48   50   49
       -0.2886751345948 bend  49   47   50
       -0.2886751345948 bend  50   46   47
        0.5773502691896 bend  47   45   46
 223 k  0.5000000000000 bend  46   48   45      val=  -1.65894
       -0.5000000000000 bend  45   49   48
        0.5000000000000 bend  49   47   50
       -0.5000000000000 bend  50   46   47
 224 k -0.4082482904639 bend  46   48   45      val=   0.00168
        0.4082482904639 bend  45   49   48
       -0.4082482904639 bend  48   50   49
        0.4082482904639 bend  49   47   50
       -0.4082482904639 bend  50   46   47
        0.4082482904639 bend  47   45   46
 225 k -0.2886751345948 tors  45   48   49   50 val=  -0.00349
       -0.2886751345948 tors  48   49   50   47
        0.5773502691896 tors  49   50   47   46
       -0.2886751345948 tors  50   47   46   45
       -0.2886751345948 tors  47   46   45   48
        0.5773502691896 tors  46   45   48   49
 226 k  0.5000000000000 tors  45   48   49   50 val=  -0.00693
       -0.5000000000000 tors  48   49   50   47
        0.5000000000000 tors  50   47   46   45
       -0.5000000000000 tors  47   46   45   48
 227 k -0.4082482904639 tors  45   48   49   50 val=   0.01379
        0.4082482904639 tors  48   49   50   47
       -0.4082482904639 tors  49   50   47   46
        0.4082482904639 tors  50   47   46   45
       -0.4082482904639 tors  47   46   45   48
        0.4082482904639 tors  46   45   48   49
 228 k  0.7071067811865 tors  43   46   45   47 val= 179.99689
        0.7071067811865 tors  44   46   45   48
 229 k  1.0000000000000 stre  25   24           val=   2.62232
 230 k  1.0000000000000 stre  24   21           val=   2.68240
 231 k  1.0000000000000 stre  21   22           val=   2.76162
 232 k  1.0000000000000 stre  22   23           val=   2.68259
 233 k  1.0000000000000 stre  23   26           val=   2.62232
 234 k -0.2886751345948 bend  26   24   25      val=  -0.89549
       -0.2886751345948 bend  25   21   24
        0.5773502691896 bend  24   22   21
       -0.2886751345948 bend  21   23   22
       -0.2886751345948 bend  22   26   23
        0.5773502691896 bend  23   25   26
 235 k  0.5000000000000 bend  26   24   25      val=  -1.80150
       -0.5000000000000 bend  25   21   24
        0.5000000000000 bend  21   23   22
       -0.5000000000000 bend  22   26   23
 236 k -0.4082482904639 bend  26   24   25      val=  -0.00140
        0.4082482904639 bend  25   21   24
       -0.4082482904639 bend  24   22   21
        0.4082482904639 bend  21   23   22
       -0.4082482904639 bend  22   26   23
        0.4082482904639 bend  23   25   26
 237 k -0.2886751345948 tors  25   24   21   22 val=   0.00575
       -0.2886751345948 tors  24   21   22   23
        0.5773502691896 tors  21   22   23   26
       -0.2886751345948 tors  22   23   26   25
       -0.2886751345948 tors  23   26   25   24
        0.5773502691896 tors  26   25   24   21
 238 k  0.5000000000000 tors  25   24   21   22 val=   0.00044
       -0.5000000000000 tors  24   21   22   23
        0.5000000000000 tors  22   23   26   25
       -0.5000000000000 tors  23   26   25   24
 239 k -0.4082482904639 tors  25   24   21   22 val=  -0.01457
        0.4082482904639 tors  24   21   22   23
       -0.4082482904639 tors  21   22   23   26
        0.4082482904639 tors  22   23   26   25
       -0.4082482904639 tors  23   26   25   24
        0.4082482904639 tors  26   25   24   21
 240 k  0.7071067811865 tors  27   26   25   23 val= 180.00351
        0.7071067811865 tors  28   26   25   24
 241 k  1.0000000000000 stre  41   44           val=   2.62233
 242 k  1.0000000000000 stre  44   45           val=   2.68260
 243 k  1.0000000000000 stre  45   46           val=   2.76161
 244 k  1.0000000000000 stre  46   43           val=   2.68241
 245 k  1.0000000000000 stre  43   42           val=   2.62234
 246 k -0.2886751345948 bend  42   44   41      val=  -0.90318
       -0.2886751345948 bend  41   45   44
        0.5773502691896 bend  44   46   45
       -0.2886751345948 bend  45   43   46
       -0.2886751345948 bend  46   42   43
        0.5773502691896 bend  43   41   42
 247 k  0.5000000000000 bend  42   44   41      val=  -1.79625
       -0.5000000000000 bend  41   45   44
        0.5000000000000 bend  45   43   46
       -0.5000000000000 bend  46   42   43
 248 k -0.4082482904639 bend  42   44   41      val=   0.00129
        0.4082482904639 bend  41   45   44
       -0.4082482904639 bend  44   46   45
        0.4082482904639 bend  45   43   46
       -0.4082482904639 bend  46   42   43
        0.4082482904639 bend  43   41   42
 249 k -0.2886751345948 tors  41   44   45   46 val=   0.00099
       -0.2886751345948 tors  44   45   46   43
        0.5773502691896 tors  45   46   43   42
       -0.2886751345948 tors  46   43   42   41
       -0.2886751345948 tors  43   42   41   44
        0.5773502691896 tors  42   41   44   45
 250 k  0.5000000000000 tors  41   44   45   46 val=  -0.00676
       -0.5000000000000 tors  44   45   46   43
        0.5000000000000 tors  46   43   42   41
       -0.5000000000000 tors  43   42   41   44
 251 k -0.4082482904639 tors  41   44   45   46 val=   0.01144
        0.4082482904639 tors  44   45   46   43
       -0.4082482904639 tors  45   46   43   42
        0.4082482904639 tors  46   43   42   41
       -0.4082482904639 tors  43   42   41   44
        0.4082482904639 tors  42   41   44   45
 252 k  0.7071067811865 tors  39   42   41   43 val= 180.00557
        0.7071067811865 tors  40   42   41   44
 253 k  1.0000000000000 stre  29   28           val=   2.62959
 254 k  1.0000000000000 stre  28   25           val=   2.67721
 255 k  1.0000000000000 stre  25   26           val=   2.76565
 256 k  1.0000000000000 stre  26   27           val=   2.67736
 257 k  1.0000000000000 stre  27   30           val=   2.62957
 258 k -0.2886751345948 bend  30   28   29      val=  -0.97546
       -0.2886751345948 bend  29   25   28
        0.5773502691896 bend  28   26   25
       -0.2886751345948 bend  25   27   26
       -0.2886751345948 bend  26   30   27
        0.5773502691896 bend  27   29   30
 259 k  0.5000000000000 bend  30   28   29      val=  -1.96221
       -0.5000000000000 bend  29   25   28
        0.5000000000000 bend  25   27   26
       -0.5000000000000 bend  26   30   27
 260 k -0.4082482904639 bend  30   28   29      val=  -0.00088
        0.4082482904639 bend  29   25   28
       -0.4082482904639 bend  28   26   25
        0.4082482904639 bend  25   27   26
       -0.4082482904639 bend  26   30   27
        0.4082482904639 bend  27   29   30
 261 k -0.2886751345948 tors  29   28   25   26 val=   0.00581
       -0.2886751345948 tors  28   25   26   27
        0.5773502691896 tors  25   26   27   30
       -0.2886751345948 tors  26   27   30   29
       -0.2886751345948 tors  27   30   29   28
        0.5773502691896 tors  30   29   28   25
 262 k  0.5000000000000 tors  29   28   25   26 val=  -0.00180
       -0.5000000000000 tors  28   25   26   27
        0.5000000000000 tors  26   27   30   29
       -0.5000000000000 tors  27   30   29   28
 263 k -0.4082482904639 tors  29   28   25   26 val=  -0.01603
        0.4082482904639 tors  28   25   26   27
       -0.4082482904639 tors  25   26   27   30
        0.4082482904639 tors  26   27   30   29
       -0.4082482904639 tors  27   30   29   28
        0.4082482904639 tors  30   29   28   25
 264 k  0.7071067811865 tors  31   30   29   27 val= 180.00929
        0.7071067811865 tors  32   30   29   28
 265 k  1.0000000000000 stre  37   40           val=   2.62955
 266 k  1.0000000000000 stre  40   41           val=   2.67739
 267 k  1.0000000000000 stre  41   42           val=   2.76564
 268 k  1.0000000000000 stre  42   39           val=   2.67724
 269 k  1.0000000000000 stre  39   38           val=   2.62958
 270 k -0.2886751345948 bend  38   40   37      val=  -0.98377
       -0.2886751345948 bend  37   41   40
        0.5773502691896 bend  40   42   41
       -0.2886751345948 bend  41   39   42
       -0.2886751345948 bend  42   38   39
        0.5773502691896 bend  39   37   38
 271 k  0.5000000000000 bend  38   40   37      val=  -1.95641
       -0.5000000000000 bend  37   41   40
        0.5000000000000 bend  41   39   42
       -0.5000000000000 bend  42   38   39
 272 k -0.4082482904639 bend  38   40   37      val=   0.00084
        0.4082482904639 bend  37   41   40
       -0.4082482904639 bend  40   42   41
        0.4082482904639 bend  41   39   42
       -0.4082482904639 bend  42   38   39
        0.4082482904639 bend  39   37   38
 273 k -0.2886751345948 tors  37   40   41   42 val=  -0.00082
       -0.2886751345948 tors  40   41   42   39
        0.5773502691896 tors  41   42   39   38
       -0.2886751345948 tors  42   39   38   37
       -0.2886751345948 tors  39   38   37   40
        0.5773502691896 tors  38   37   40   41
 274 k  0.5000000000000 tors  37   40   41   42 val=  -0.00428
       -0.5000000000000 tors  40   41   42   39
        0.5000000000000 tors  42   39   38   37
       -0.5000000000000 tors  39   38   37   40
 275 k -0.4082482904639 tors  37   40   41   42 val=   0.01522
        0.4082482904639 tors  40   41   42   39
       -0.4082482904639 tors  41   42   39   38
        0.4082482904639 tors  42   39   38   37
       -0.4082482904639 tors  39   38   37   40
        0.4082482904639 tors  38   37   40   41
 276 k  0.7071067811865 tors  35   38   37   39 val= 180.00336
        0.7071067811865 tors  36   38   37   40
 277 k  1.0000000000000 stre  33   32           val=   2.64494
 278 k  1.0000000000000 stre  32   29           val=   2.66318
 279 k  1.0000000000000 stre  29   30           val=   2.76877
 280 k  1.0000000000000 stre  30   31           val=   2.66329
 281 k  1.0000000000000 stre  31   34           val=   2.64487
 282 k -0.2886751345948 bend  34   32   33      val=  -1.03477
       -0.2886751345948 bend  33   29   32
        0.5773502691896 bend  32   30   29
       -0.2886751345948 bend  29   31   30
       -0.2886751345948 bend  30   34   31
        0.5773502691896 bend  31   33   34
 283 k  0.5000000000000 bend  34   32   33      val=  -2.08087
       -0.5000000000000 bend  33   29   32
        0.5000000000000 bend  29   31   30
       -0.5000000000000 bend  30   34   31
 284 k -0.4082482904639 bend  34   32   33      val=  -0.00033
        0.4082482904639 bend  33   29   32
       -0.4082482904639 bend  32   30   29
        0.4082482904639 bend  29   31   30
       -0.4082482904639 bend  30   34   31
        0.4082482904639 bend  31   33   34
 285 k -0.2886751345948 tors  33   32   29   30 val=   0.00262
       -0.2886751345948 tors  32   29   30   31
        0.5773502691896 tors  29   30   31   34
       -0.2886751345948 tors  30   31   34   33
       -0.2886751345948 tors  31   34   33   32
        0.5773502691896 tors  34   33   32   29
 286 k  0.5000000000000 tors  33   32   29   30 val=  -0.00081
       -0.5000000000000 tors  32   29   30   31
        0.5000000000000 tors  30   31   34   33
       -0.5000000000000 tors  31   34   33   32
 287 k -0.4082482904639 tors  33   32   29   30 val=  -0.01624
        0.4082482904639 tors  32   29   30   31
       -0.4082482904639 tors  29   30   31   34
        0.4082482904639 tors  30   31   34   33
       -0.4082482904639 tors  31   34   33   32
        0.4082482904639 tors  34   33   32   29
 288 k  1.0000000000000 stre  33   36           val=   2.64484
 289 k  1.0000000000000 stre  36   37           val=   2.66333
 290 k  1.0000000000000 stre  37   38           val=   2.76877
 291 k  1.0000000000000 stre  38   35           val=   2.66321
 292 k  1.0000000000000 stre  35   34           val=   2.64491
 293 k -0.2886751345948 bend  34   36   33      val=  -1.04321
       -0.2886751345948 bend  33   37   36
        0.5773502691896 bend  36   38   37
       -0.2886751345948 bend  37   35   38
       -0.2886751345948 bend  38   34   35
        0.5773502691896 bend  35   33   34
 294 k  0.5000000000000 bend  34   36   33      val=  -2.07510
       -0.5000000000000 bend  33   37   36
        0.5000000000000 bend  37   35   38
       -0.5000000000000 bend  38   34   35
 295 k -0.4082482904639 bend  34   36   33      val=   0.00042
        0.4082482904639 bend  33   37   36
       -0.4082482904639 bend  36   38   37
        0.4082482904639 bend  37   35   38
       -0.4082482904639 bend  38   34   35
        0.4082482904639 bend  35   33   34
 296 k -0.2886751345948 tors  33   36   37   38 val=  -0.00080
       -0.2886751345948 tors  36   37   38   35
        0.5773502691896 tors  37   38   35   34
       -0.2886751345948 tors  38   35   34   33
       -0.2886751345948 tors  35   34   33   36
        0.5773502691896 tors  34   33   36   37
 297 k  0.5000000000000 tors  33   36   37   38 val=  -0.00116
       -0.5000000000000 tors  36   37   38   35
        0.5000000000000 tors  38   35   34   33
       -0.5000000000000 tors  35   34   33   36
 298 k -0.4082482904639 tors  33   36   37   38 val=   0.01560
        0.4082482904639 tors  36   37   38   35
       -0.4082482904639 tors  37   38   35   34
        0.4082482904639 tors  38   35   34   33
       -0.4082482904639 tors  35   34   33   36
        0.4082482904639 tors  34   33   36   37
 299 k  0.7071067811865 tors  31   34   33   35 val= 179.99902
        0.7071067811865 tors  32   34   33   36
 300 k  1.0000000000000 stre  33   34           val=   2.76997
       300 non zero eigenvalues  of BmBt
           1          12.647813213    1    0
         1
           2          12.548993283    2    0
         2
           3          11.970040321    3    0
         3
           4          11.521784438    4    0
         4
           5          11.310631847    5    0
         5
           6          10.855278704    6    0
         6
           7          10.316408745    7    0
         7
           8           9.776536501    8    0
         8
           9           9.199151689    9    0
         9
          10           8.555034837   10    0
        10
          11           7.888704253   11    0
        11
          12           7.259518311   12    0
        12
          13           6.635293749   13    0
        13
          14           6.628044607   14    0
        14
          15           6.534751920   15    0
        15
          16           6.467913290   16    0
        16
          17           6.291704721   17    0
        17
          18           6.062399671   18    0
        18
          19           5.979901601   19    0
        19
          20           5.840101364   20    0
        20
          21           5.632408348   21    0
        21
          22           5.412733830   22    0
        22
          23           5.331562992   23    0
        23
          24           5.076117990   24    0
        24
          25           5.065281358   25    0
        25
          26           5.011827733   26    0
        26
          27           4.930058620   27    0
        27
          28           4.919089531   28    0
        28
          29           4.845444128   29    0
        29
          30           4.790922176   30    0
        30
          31           4.752928999   31    0
        31
          32           4.679560311   32    0
        32
          33           4.557739364   33    0
        33
          34           4.513425160   34    0
        34
          35           4.435842758   35    0
        35
          36           4.402664315   36    0
        36
          37           4.276163552   37    0
        37
          38           4.243835608   38    0
        38
          39           4.154309640   39    0
        39
          40           4.153869899   40    0
        40
          41           4.105351954   41    0
        41
          42           4.035518786   42    0
        42
          43           3.970395823   43    0
        43
          44           3.942800573   44    0
        44
          45           3.911370639   45    0
        45
          46           3.904266094   46    0
        46
          47           3.899010349   47    0
        47
          48           3.883931811   48    0
        48
          49           3.878300430   49    0
        49
          50           3.858705996   50    0
        50
          51           3.826649028   51    0
        51
          52           3.821661932   52    0
        52
          53           3.801478442   53    0
        53
          54           3.754156233   54    0
        54
          55           3.743884851   55    0
        55
          56           3.737679685   56    0
        56
          57           3.694825534   57    0
        57
          58           3.675926106   58    0
        58
          59           3.672271121   59    0
        59
          60           3.604544329   60    0
        60
          61           3.586191784   61    0
        61
          62           3.580272962   62    0
        62
          63           3.516043517   63    0
        63
          64           3.500838398   64    0
        64
          65           3.475609871   65    0
        65
          66           3.424688567   66    0
        66
          67           3.420973494   67    0
        67
          68           3.407553434   68    0
        68
          69           3.356908396   69    0
        69
          70           3.342146319   70    0
        70
          71           3.331170274   71    0
        71
          72           3.257522162   72    0
        72
          73           3.239113270   73    0
        73
          74           3.208806865   74    0
        74
          75           3.176994053   75    0
        75
          76           3.174135500   76    0
        76
          77           3.159475455   77    0
        77
          78           3.135157994   78    0
        78
          79           3.103753243   79    0
        79
          80           3.092871905   80    0
        80
          81           3.070637528   81    0
        81
          82           3.060093515   82    0
        82
          83           3.049392278   83    0
        83
          84           3.038790789   84    0
        84
          85           3.032149171   85    0
        85
          86           2.998543943   86    0
        86
          87           2.990210761   87    0
        87
          88           2.972696044   88    0
        88
          89           2.955177736   89    0
        89
          90           2.922912818   90    0
        90
          91           2.886900589   91    0
        91
          92           2.871947124   92    0
        92
          93           2.833939909   93    0
        93
          94           2.826226363   94    0
        94
          95           2.791312523   95    0
        95
          96           2.785578053   96    0
        96
          97           2.778403465   97    0
        97
          98           2.753154549   98    0
        98
          99           2.742166285   99    0
        99
         100           2.732898101  100    0
       100
         101           2.676823455  101    0
       101
         102           2.668302275  102    0
       102
         103           2.657204839  103    0
       103
         104           2.573115871  104    0
       104
         105           2.511954579  105    0
       105
         106           2.458491726  106    0
       106
         107           2.364138806  107    0
       107
         108           2.357038925  108    0
       108
         109           2.321580222  109    0
       109
         110           2.304919129  110    0
       110
         111           2.282245719  111    0
       111
         112           2.239916733  112    0
       112
         113           2.221878350  113    0
       113
         114           2.183237106  114    0
       114
         115           2.170020201  115    0
       115
         116           2.147279394  116    0
       116
         117           2.113404207  117    0
       117
         118           2.083805269  118    0
       118
         119           2.059689092  119    0
       119
         120           2.039817025  120    0
       120
         121           2.035553887  121    0
       121
         122           2.022816533  122    0
       122
         123           2.011748048  123    0
       123
         124           2.006289594  124    0
       124
         125           1.996583394  125    0
       125
         126           1.853972540  126    0
       126
         127           1.818216711  127    0
       127
         128           1.817519987  128    0
       128
         129           1.805317158  129    0
       129
         130           1.728998303  130    0
       130
         131           1.727774729  131    0
       131
         132           1.691425216  132    0
       132
         133           1.622933710  133    0
       133
         134           1.548168983  134    0
       134
         135           1.519068349  135    0
       135
         136           1.468185393  136    0
       136
         137           1.448975140  137    0
       137
         138           1.420572521  138    0
       138
         139           1.406162917  139    0
       139
         140           1.311154691  140    0
       140
         141           1.302859556  141    0
       141
         142           1.287932415  142    0
       142
         143           1.217901184  143    0
       143
         144           1.195841009  144    0
       144
         145           1.162306523  145    0
       145
         146           1.143414538  146    0
       146
         147           1.097413103  147    0
       147
         148           1.086862218  148    0
       148
         149           1.071306545  149    0
       149
         150           1.070171083  150    0
       150
         151           1.067328240  151    0
       151
         152           1.057385903  152    0
       152
         153           1.051644268  153    0
       153
         154           1.045620241  154    0
       154
         155           1.042015577  155    0
       155
         156           1.036366078  156    0
       156
         157           1.033005739  157    0
       157
         158           1.029408194  158    0
       158
         159           1.025926442  159    0
       159
         160           1.024675732  160    0
       160
         161           1.020491733  161    0
       161
         162           1.016739880  162    0
       162
         163           1.011276173  163    0
       163
         164           1.007044009  164    0
       164
         165           1.003108432  165    0
       165
         166           0.996006894  166    0
       166
         167           0.984391910  167    0
       167
         168           0.945861929  168    0
       168
         169           0.889976463  169    0
       169
         170           0.879913873  170    0
       170
         171           0.839281017  171    0
       171
         172           0.836708283  172    0
       172
         173           0.831361790  173    0
       173
         174           0.807216064  174    0
       174
         175           0.792222948  175    0
       175
         176           0.767060357  176    0
       176
         177           0.758598661  177    0
       177
         178           0.749616786  178    0
       178
         179           0.730177507  179    0
       179
         180           0.683758104  180    0
       180
         181           0.666862215  181    0
       181
         182           0.619203073  182    0
       182
         183           0.611806026  183    0
       183
         184           0.583221441  184    0
       184
         185           0.555861654  185    0
       185
         186           0.550091405  186    0
       186
         187           0.530737014  187    0
       187
         188           0.498597132  188    0
       188
         189           0.452181942  189    0
       189
         190           0.451294027  190    0
       190
         191           0.446905171  191    0
       191
         192           0.404793688  192    0
       192
         193           0.382139165  193    0
       193
         194           0.382121823  194    0
       194
         195           0.379087138  195    0
       195
         196           0.375685741  196    0
       196
         197           0.374130858  197    0
       197
         198           0.364956277  198    0
       198
         199           0.358639727  199    0
       199
         200           0.357855130  200    0
       200
         201           0.354829139  201    0
       201
         202           0.347596499  202    0
       202
         203           0.345646384  203    0
       203
         204           0.334347699  204    0
       204
         205           0.333238850  205    0
       205
         206           0.328028086  206    0
       206
         207           0.325513442  207    0
       207
         208           0.321846211  208    0
       208
         209           0.320289819  209    0
       209
         210           0.319766978  210    0
       210
         211           0.315289389  211    0
       211
         212           0.312176657  212    0
       212
         213           0.310111316  213    0
       213
         214           0.303053854  214    0
       214
         215           0.300668255  215    0
       215
         216           0.295077875  216    0
       216
         217           0.291937083  217    0
       217
         218           0.291546223  218    0
       218
         219           0.288359600  219    0
       219
         220           0.287202749  220    0
       220
         221           0.284382309  221    0
       221
         222           0.283588349  222    0
       222
         223           0.280857321  223    0
       223
         224           0.271638466  224    0
       224
         225           0.266486951  225    0
       225
         226           0.263316458  226    0
       226
         227           0.262882804  227    0
       227
         228           0.254942758  228    0
       228
         229           0.249586280  229    0
       229
         230           0.248816782  230    0
       230
         231           0.237361603  231    0
       231
         232           0.220440581  232    0
       232
         233           0.201455233  233    0
       233
         234           0.198798062  234    0
       234
         235           0.198109148  235    0
       235
         236           0.197374750  236    0
       236
         237           0.194480827  237    0
       237
         238           0.190147695  238    0
       238
         239           0.185104471  239    0
       239
         240           0.184143710  240    0
       240
         241           0.176773598  241    0
       241
         242           0.173550299  242    0
       242
         243           0.162157781  243    0
       243
         244           0.160235995  244    0
       244
         245           0.143416405  245    0
       245
         246           0.140072149  246    0
       246
         247           0.140040249  247    0
       247
         248           0.138917159  248    0
       248
         249           0.133053908  249    0
       249
         250           0.130906118  250    0
       250
         251           0.127577132  251    0
       251
         252           0.122281715  252    0
       252
         253           0.120443399  253    0
       253
         254           0.115613532  254    0
       254
         255           0.112336428  255    0
       255
         256           0.110606538  256    0
       256
         257           0.108600932  257    0
       257
         258           0.107966652  258    0
       258
         259           0.103263235  259    0
       259
         260           0.099152847  260    0
       260
         261           0.097294716  261    0
       261
         262           0.093767493  262    0
       262
         263           0.088464435  263    0
       263
         264           0.088126535  264    0
       264
         265           0.086098446  265    0
       265
         266           0.082471574  266    0
       266
         267           0.077906617  267    0
       267
         268           0.076679028  268    0
       268
         269           0.073553310  269    0
       269
         270           0.067843781  270    0
       270
         271           0.067482547  271    0
       271
         272           0.064017322  272    0
       272
         273           0.061282168  273    0
       273
         274           0.056240544  274    0
       274
         275           0.050322418  275    0
       275
         276           0.048648872  276    0
       276
         277           0.044535247  277    0
       277
         278           0.042557286  278    0
       278
         279           0.036893551  279    0
       279
         280           0.036132040  280    0
       280
         281           0.031849522  281    0
       281
         282           0.027050299  282    0
       282
         283           0.025174456  283    0
       283
         284           0.024389149  284    0
       284
         285           0.020844787  285    0
       285
         286           0.016424831  286    0
       286
         287           0.015057031  287    0
       287
         288           0.013388456  288    0
       288
         289           0.011024654  289    0
       289
         290           0.008599367  290    0
       290
         291           0.007866567  291    0
       291
         292           0.004381506  292    0
       292
         293           0.003809651  293    0
       293
         294           0.003454172  294    0
       294
         295           0.002379477  295    0
       295
         296           0.001470031  296    0
       296
         297           0.000948017  297    0
       297
         298           0.000237796  298    0
       298
         299           0.000118162  299    0
       299
         300           0.000094330  300    0
       300
$end
