$energy      SCF               SCFKIN            SCFPOT
     1 -2533.029323104      2524.083341349     -5057.112664453
     2 -2533.071423649      2523.334041818     -5056.405465467
     3 -2533.127854405      2522.261157201     -5055.389011606
     4 -2533.162757599      2521.713313573     -5054.876071172
     5 -2533.186653727      2521.503599930     -5054.690253657
     6 -2533.204583154      2521.425927071     -5054.630510225
     7 -2533.218137376      2521.430323102     -5054.648460478
     8 -2533.228280491      2521.400715005     -5054.628995496
     9 -2533.235262293      2521.493015042     -5054.728277335
    10 -2533.238992816      2521.353992022     -5054.592984838
    11 -2533.240789210      2521.484775904     -5054.725565114
    12 -2533.240818828      2521.502169636     -5054.742988464
    13 -2533.241171003      2521.465783125     -5054.706954129
    14 -2533.241123604      2521.445820208     -5054.686943812
    15 -2533.241181949      2521.457736896     -5054.698918845
    16 -2533.241221770      2521.462483740     -5054.703705509
    17 -2533.241214427      2521.475407484     -5054.716621911
    18 -2533.241220608      2521.470949669     -5054.712170277
    19 -2533.241226215      2521.467172171     -5054.708398386
    20 -2533.241221245      2521.462386942     -5054.703608186
    21 -2533.241226830      2521.465986786     -5054.707213616
    22 -2533.241226776      2521.466088747     -5054.707315523
    23 -2533.241226793      2521.465996457     -5054.707223250
$end
